,Banco de San Antonio,Guanahacabibes,Isla de la Juventud,Cayo Anclitas,Chivirico,Cabo Lucrecia,Cayo Sabinal,Cayo Jutias
Banco de San Antonio,0,0.631,0.805,0.696,0.614,0.55,0.616,0.762
Guanahacabibes,0.631,0,0.178,0.128,0.126,0.135,0.137,0.126
Isla de la Juventud,0.805,0.178,0,0.212,0.186,0.201,0.223,0.184
Cayo Anclitas,0.696,0.128,0.212,0,0.096,0.092,0.104,0.098
Chivirico,0.614,0.126,0.186,0.096,0,0.103,0.147,0.116
Cabo Lucrecia,0.55,0.135,0.201,0.092,0.103,0,0.068,0.105
Cayo Sabinal,0.616,0.137,0.223,0.104,0.147,0.068,0,0.14
Cayo Jutias,0.762,0.126,0.184,0.098,0.116,0.105,0.14,0