0.000000	0.214399	0.314661	0.310035	0.311763	0.285915	0.288197	0.309500	0.311388	0.317828	0.311068	0.293610	0.310194	0.306920	0.296614	0.299345	0.294403	0.286973	0.317839	0.319012	0.307640	0.306034	0.312333	0.310783	0.308790	0.313696	0.316327	0.321489	0.310474	0.310700	0.302381	0.315076	0.309781	0.310302	0.314150	0.292785	0.299982	0.308568	0.317782	0.317095	0.312268	0.310251	0.310883	0.312029	0.307157	0.306003	0.311440	0.306730	0.302019	0.285502	0.304158	0.318104	0.305801	0.303892	0.305374	0.307211	0.307753	0.315150	0.314893	0.322623	0.304906	0.320466	0.310652	0.308206	0.313030	0.304189	0.309587	0.310745	0.311316	0.311707	0.318870	0.281495	0.285612	0.317292	0.317846	0.308777	0.312304	0.319856	0.293500	0.297381	0.303517	0.290411	0.292940	0.328508	0.318461	0.306828	
0.214399	0.000000	0.307863	0.312542	0.309622	0.282443	0.280282	0.314701	0.310859	0.315454	0.301944	0.287354	0.308691	0.302807	0.296466	0.302193	0.295650	0.281463	0.315939	0.313414	0.306309	0.306504	0.311777	0.307640	0.308883	0.316391	0.317222	0.318446	0.311222	0.299865	0.304939	0.306334	0.311955	0.310618	0.319774	0.290076	0.306603	0.309574	0.319180	0.325192	0.314683	0.308682	0.314631	0.305158	0.298652	0.303278	0.302191	0.311424	0.305741	0.278687	0.306133	0.314255	0.304205	0.306949	0.306738	0.307779	0.311384	0.313693	0.320105	0.308025	0.307549	0.317020	0.307542	0.306096	0.317290	0.308826	0.313905	0.305246	0.305809	0.311640	0.320817	0.283496	0.279651	0.317006	0.305353	0.308689	0.310268	0.319696	0.286158	0.285530	0.303244	0.283444	0.283838	0.322365	0.313723	0.308743	
0.314661	0.307863	0.000000	0.136457	0.276859	0.306064	0.297868	0.278485	0.276401	0.279355	0.274751	0.303681	0.275510	0.271391	0.311043	0.308807	0.311270	0.299637	0.284168	0.284321	0.275896	0.271133	0.275137	0.279098	0.275231	0.277986	0.280117	0.282706	0.281195	0.273262	0.276726	0.277577	0.289515	0.280832	0.284488	0.297616	0.281780	0.281812	0.292816	0.295639	0.296940	0.288618	0.277119	0.281611	0.277731	0.280362	0.281530	0.292002	0.281747	0.302418	0.276380	0.280712	0.283896	0.283923	0.272977	0.282270	0.286670	0.284996	0.294410	0.288548	0.283586	0.285776	0.283095	0.278800	0.283382	0.276774	0.277975	0.279246	0.281818	0.280471	0.279865	0.297978	0.294970	0.281830	0.280908	0.278331	0.278776	0.288645	0.299854	0.300938	0.284051	0.295291	0.303672	0.280781	0.285028	0.280750	
0.310035	0.312542	0.136457	0.000000	0.278091	0.300096	0.293962	0.277711	0.274791	0.274303	0.275809	0.303972	0.270745	0.265232	0.309996	0.310951	0.311255	0.297755	0.282586	0.281452	0.281137	0.268395	0.273473	0.279742	0.274270	0.277627	0.275678	0.278912	0.282071	0.269984	0.278131	0.276521	0.285924	0.282833	0.283430	0.299393	0.285789	0.283582	0.290019	0.292841	0.291134	0.285463	0.280316	0.278471	0.276585	0.278571	0.284684	0.285699	0.281779	0.304097	0.272311	0.284119	0.281175	0.281465	0.274194	0.278110	0.279789	0.287711	0.292772	0.291871	0.280856	0.287374	0.280261	0.283034	0.280086	0.281058	0.282290	0.278753	0.281948	0.279242	0.275651	0.298994	0.296219	0.283796	0.272991	0.280438	0.282943	0.281243	0.298430	0.298042	0.281901	0.295135	0.304639	0.284579	0.277357	0.274594	
0.311763	0.309622	0.276859	0.278091	0.000000	0.299050	0.300431	0.268235	0.277614	0.273107	0.267224	0.309253	0.272673	0.271071	0.306106	0.310325	0.312160	0.301076	0.276131	0.272676	0.275663	0.272536	0.285815	0.279003	0.278389	0.275588	0.277719	0.284778	0.278533	0.278283	0.268231	0.283663	0.276251	0.279495	0.280125	0.297909	0.276566	0.279892	0.283362	0.290213	0.289977	0.289811	0.273046	0.281659	0.272680	0.277379	0.275467	0.280168	0.278659	0.295694	0.266014	0.278703	0.271552	0.278939	0.269461	0.280638	0.282051	0.282435	0.289941	0.278838	0.272410	0.283082	0.268772	0.276080	0.278382	0.280869	0.281231	0.274042	0.278226	0.273033	0.279532	0.301837	0.298996	0.275212	0.280614	0.274010	0.277971	0.276989	0.297645	0.302852	0.272771	0.296791	0.301078	0.282293	0.278140	0.274527	
0.285915	0.282443	0.306064	0.300096	0.299050	0.000000	0.247081	0.294918	0.300193	0.303692	0.295717	0.250637	0.295699	0.293802	0.258893	0.263542	0.268216	0.249073	0.302288	0.302539	0.304223	0.298241	0.295384	0.302757	0.308678	0.298686	0.304796	0.301306	0.306633	0.297676	0.290493	0.302889	0.294635	0.297738	0.305820	0.267218	0.311745	0.303804	0.299630	0.307418	0.298769	0.295298	0.304169	0.295927	0.291201	0.297329	0.297759	0.302316	0.291259	0.261869	0.294989	0.300165	0.299166	0.300626	0.290947	0.296743	0.296841	0.288936	0.296933	0.291727	0.293664	0.298710	0.295757	0.292710	0.304396	0.295057	0.301786	0.293851	0.306536	0.292919	0.304619	0.274217	0.278505	0.307029	0.289861	0.303823	0.301090	0.305792	0.247740	0.243852	0.298327	0.241284	0.254498	0.300334	0.293514	0.297642	
0.288197	0.280282	0.297868	0.293962	0.300431	0.247081	0.000000	0.299050	0.293694	0.306307	0.297637	0.255058	0.302560	0.295522	0.255963	0.256956	0.256320	0.250525	0.302942	0.304185	0.297297	0.300433	0.298144	0.295264	0.302271	0.301473	0.301128	0.303930	0.306360	0.304167	0.292068	0.297945	0.297098	0.302084	0.309597	0.266489	0.301571	0.300762	0.309083	0.307039	0.302707	0.296846	0.298783	0.301176	0.302979	0.294248	0.294855	0.305982	0.293168	0.270442	0.298243	0.301313	0.296306	0.295291	0.291170	0.292558	0.301358	0.301861	0.313491	0.293348	0.296164	0.304159	0.298744	0.295249	0.300816	0.296933	0.297400	0.296260	0.302417	0.304430	0.294580	0.270245	0.270135	0.301711	0.298674	0.300838	0.299879	0.311866	0.256520	0.255353	0.294111	0.256684	0.257774	0.312272	0.305886	0.295579	
0.309500	0.314701	0.278485	0.277711	0.268235	0.294918	0.299050	0.000000	0.277064	0.271314	0.269722	0.300675	0.278594	0.265990	0.304059	0.303385	0.305285	0.296694	0.276028	0.280709	0.269785	0.272345	0.279006	0.278194	0.272264	0.270883	0.280414	0.279431	0.276937	0.275622	0.271405	0.271274	0.271913	0.276804	0.282684	0.298137	0.290671	0.285935	0.281047	0.282271	0.279205	0.280756	0.268382	0.274537	0.274813	0.269379	0.277460	0.274667	0.271493	0.296524	0.274442	0.276956	0.277927	0.278851	0.269871	0.269128	0.278329	0.276943	0.283921	0.271853	0.276256	0.273631	0.275671	0.274160	0.277332	0.282454	0.275854	0.279418	0.278054	0.283434	0.276025	0.295225	0.291938	0.272216	0.274880	0.274656	0.271961	0.284070	0.301781	0.302530	0.274230	0.290858	0.300686	0.280402	0.271209	0.278301	
0.311388	0.310859	0.276401	0.274791	0.277614	0.300193	0.293694	0.277064	0.000000	0.274176	0.276450	0.305021	0.281074	0.275709	0.314517	0.315802	0.313262	0.303981	0.279389	0.279823	0.271400	0.271482	0.280772	0.274980	0.263918	0.280059	0.277186	0.282029	0.276189	0.274036	0.271605	0.273089	0.279680	0.278226	0.286933	0.300423	0.278809	0.283833	0.285651	0.292661	0.287147	0.277728	0.269653	0.272014	0.273952	0.271502	0.284517	0.282531	0.275384	0.306960	0.271950	0.274043	0.277185	0.283930	0.269095	0.275078	0.280058	0.277975	0.283537	0.285806	0.277333	0.276420	0.275283	0.276423	0.281953	0.283046	0.283419	0.281890	0.271694	0.279924	0.276034	0.297108	0.294902	0.277991	0.277500	0.275199	0.281161	0.281936	0.297062	0.295356	0.273159	0.301600	0.297816	0.284698	0.279518	0.274979	
0.317828	0.315454	0.279355	0.274303	0.273107	0.303692	0.306307	0.271314	0.274176	0.000000	0.273549	0.304348	0.279142	0.264005	0.317951	0.315192	0.316626	0.301956	0.285414	0.275600	0.282111	0.271672	0.278623	0.276884	0.275454	0.280734	0.284911	0.280882	0.281246	0.283852	0.277094	0.276589	0.274392	0.276579	0.281656	0.293772	0.284520	0.283903	0.281834	0.285651	0.284288	0.284389	0.278225	0.282971	0.281048	0.276219	0.277839	0.282100	0.282022	0.297312	0.275517	0.277248	0.281023	0.281185	0.277766	0.279902	0.280740	0.281005	0.278212	0.286910	0.282912	0.283535	0.281982	0.279319	0.281882	0.288253	0.273999	0.274350	0.275838	0.279480	0.275474	0.301324	0.295383	0.277871	0.282847	0.276462	0.281633	0.280347	0.296627	0.306168	0.276062	0.295505	0.304275	0.294831	0.280573	0.278327	
0.311068	0.301944	0.274751	0.275809	0.267224	0.295717	0.297637	0.269722	0.276450	0.273549	0.000000	0.303111	0.278670	0.263976	0.313225	0.309966	0.312569	0.304055	0.275286	0.278696	0.274469	0.268653	0.266840	0.273855	0.274377	0.272800	0.277125	0.277123	0.275419	0.270726	0.268165	0.282973	0.279833	0.276219	0.274005	0.292180	0.279861	0.288864	0.283561	0.281229	0.278968	0.282669	0.283758	0.273135	0.275237	0.267358	0.274462	0.280955	0.278434	0.291122	0.277705	0.267747	0.269826	0.281899	0.270303	0.270928	0.279357	0.278185	0.284942	0.276943	0.278207	0.272216	0.276930	0.274160	0.270762	0.267056	0.271564	0.273499	0.275551	0.266446	0.277299	0.288897	0.291798	0.274629	0.277892	0.269383	0.277425	0.288701	0.293811	0.300753	0.276767	0.288436	0.297450	0.278490	0.273981	0.272576	
0.293610	0.287354	0.303681	0.303972	0.309253	0.250637	0.255058	0.300675	0.305021	0.304348	0.303111	0.000000	0.295085	0.293544	0.259545	0.254557	0.264178	0.254725	0.293235	0.307516	0.294748	0.289516	0.294254	0.297568	0.294295	0.298585	0.290587	0.303483	0.298838	0.307452	0.296749	0.303505	0.301604	0.307119	0.300772	0.276258	0.294140	0.302303	0.313223	0.314833	0.313048	0.304952	0.304280	0.303518	0.298447	0.288970	0.307083	0.309084	0.306063	0.269700	0.311135	0.296114	0.307929	0.302680	0.295052	0.296956	0.306506	0.295986	0.308945	0.298723	0.309806	0.298219	0.300679	0.305257	0.296093	0.308310	0.294549	0.298808	0.294948	0.305847	0.287029	0.272023	0.254097	0.303910	0.305365	0.300205	0.301185	0.302332	0.254659	0.248414	0.304382	0.255198	0.263739	0.299446	0.307211	0.302515	
0.310194	0.308691	0.275510	0.270745	0.272673	0.295699	0.302560	0.278594	0.281074	0.279142	0.278670	0.295085	0.000000	0.280280	0.308904	0.307952	0.311357	0.295657	0.272418	0.284109	0.282521	0.265873	0.264614	0.276872	0.266641	0.282056	0.278465	0.288928	0.274688	0.266994	0.279553	0.273468	0.272442	0.279582	0.279415	0.308683	0.280822	0.289723	0.288205	0.286712	0.292094	0.291166	0.283085	0.279024	0.259684	0.274219	0.267840	0.286465	0.280409	0.295766	0.275862	0.279179	0.265271	0.274982	0.272410	0.286467	0.277303	0.282301	0.296033	0.289465	0.276452	0.282838	0.287864	0.279842	0.278327	0.280453	0.265401	0.269678	0.279583	0.294142	0.284919	0.305377	0.291759	0.275448	0.293384	0.286570	0.280269	0.298073	0.288352	0.278490	0.277574	0.283705	0.299709	0.287736	0.287012	0.272746	
0.306920	0.302807	0.271391	0.265232	0.271071	0.293802	0.295522	0.265990	0.275709	0.264005	0.263976	0.293544	0.280280	0.000000	0.306348	0.303336	0.302873	0.300952	0.273801	0.270303	0.266534	0.264672	0.278295	0.272240	0.268490	0.276593	0.279668	0.275714	0.273656	0.271074	0.272798	0.275314	0.276392	0.267284	0.272908	0.290881	0.278766	0.279365	0.280854	0.288940	0.284207	0.278705	0.273441	0.271639	0.267495	0.262427	0.264712	0.268748	0.276722	0.292593	0.270847	0.274711	0.280496	0.269156	0.268416	0.268328	0.277251	0.273647	0.278248	0.279409	0.279021	0.267973	0.273283	0.279615	0.271107	0.268071	0.274194	0.267865	0.274304	0.270168	0.277160	0.293783	0.287379	0.273791	0.274371	0.271625	0.272199	0.267404	0.295190	0.293769	0.273071	0.291523	0.297668	0.285649	0.270995	0.272315	
0.296614	0.296466	0.311043	0.309996	0.306106	0.258893	0.255963	0.304059	0.314517	0.317951	0.313225	0.259545	0.308904	0.306348	0.000000	0.118086	0.119515	0.262081	0.313730	0.315481	0.302890	0.303113	0.310558	0.311485	0.310134	0.304010	0.321117	0.315685	0.319929	0.317831	0.301772	0.315801	0.308251	0.312879	0.312492	0.280435	0.311068	0.317383	0.316799	0.322378	0.315084	0.315143	0.308177	0.311708	0.312276	0.306829	0.307185	0.314969	0.308309	0.273936	0.312644	0.312717	0.317765	0.308344	0.309697	0.307118	0.318935	0.305946	0.312909	0.310441	0.311385	0.306959	0.310333	0.308837	0.317092	0.310765	0.311846	0.307828	0.317302	0.305075	0.308519	0.274165	0.276288	0.309036	0.303630	0.309366	0.305632	0.317839	0.263770	0.251960	0.309417	0.263680	0.267323	0.317733	0.313446	0.313322	
0.299345	0.302193	0.308807	0.310951	0.310325	0.263542	0.256956	0.303385	0.315802	0.315192	0.309966	0.254557	0.307952	0.303336	0.118086	0.000000	0.119828	0.265603	0.301587	0.310167	0.298936	0.302465	0.296038	0.311134	0.303699	0.292455	0.307423	0.307516	0.303469	0.308631	0.305400	0.315343	0.305477	0.314103	0.302944	0.272277	0.297463	0.310143	0.309548	0.314904	0.313969	0.314358	0.307745	0.307518	0.301431	0.296614	0.306639	0.312081	0.305267	0.276426	0.305412	0.301450	0.315532	0.305765	0.303905	0.300979	0.316978	0.306133	0.321323	0.314299	0.308550	0.302716	0.305823	0.307683	0.305670	0.312882	0.298016	0.308414	0.307105	0.309057	0.299735	0.261865	0.263978	0.312617	0.304363	0.307895	0.305065	0.316910	0.272361	0.256862	0.308992	0.261558	0.270368	0.318753	0.306925	0.308979	
0.294403	0.295650	0.311270	0.311255	0.312160	0.268216	0.256320	0.305285	0.313262	0.316626	0.312569	0.264178	0.311357	0.302873	0.119515	0.119828	0.000000	0.262494	0.311863	0.311445	0.304113	0.304011	0.310800	0.312920	0.308153	0.303677	0.321804	0.316400	0.316740	0.316266	0.308374	0.315662	0.308630	0.310246	0.316447	0.279343	0.306037	0.313487	0.314346	0.319405	0.315084	0.318655	0.304901	0.311362	0.313150	0.302630	0.311043	0.314308	0.304206	0.277033	0.311986	0.319111	0.320103	0.304342	0.302826	0.306279	0.316731	0.308151	0.317291	0.305903	0.312454	0.306482	0.305584	0.311842	0.318159	0.307255	0.311698	0.308686	0.316497	0.310337	0.315472	0.277061	0.280466	0.309746	0.304834	0.308499	0.311499	0.316883	0.269000	0.255118	0.314242	0.264513	0.273273	0.322396	0.316532	0.314293	
0.286973	0.281463	0.299637	0.297755	0.301076	0.249073	0.250525	0.296694	0.303981	0.301956	0.304055	0.254725	0.295657	0.300952	0.262081	0.265603	0.262494	0.000000	0.296848	0.305697	0.299790	0.299624	0.294635	0.307494	0.303296	0.307174	0.305890	0.304454	0.302908	0.309040	0.297061	0.304180	0.298967	0.299448	0.305593	0.267695	0.302085	0.300387	0.315784	0.314743	0.311860	0.306014	0.303275	0.303576	0.301531	0.300035	0.305195	0.303995	0.298060	0.274648	0.297498	0.303070	0.298717	0.303497	0.295196	0.297403	0.303733	0.302370	0.308212	0.309677	0.301122	0.302225	0.305880	0.300240	0.305839	0.300032	0.301808	0.295924	0.306276	0.306681	0.307551	0.273953	0.267661	0.307042	0.299965	0.295429	0.297728	0.307148	0.255413	0.257879	0.302229	0.253645	0.262671	0.304657	0.305907	0.299737	
0.317839	0.315939	0.284168	0.282586	0.276131	0.302288	0.302942	0.276028	0.279389	0.285414	0.275286	0.293235	0.272418	0.273801	0.313730	0.301587	0.311863	0.296848	0.000000	0.291813	0.281257	0.267851	0.272053	0.278838	0.275152	0.269094	0.262304	0.284913	0.264981	0.268178	0.286138	0.278434	0.282424	0.286432	0.274348	0.302777	0.271517	0.289957	0.284697	0.290639	0.285798	0.291525	0.288527	0.276152	0.275844	0.269795	0.280638	0.289821	0.280622	0.302750	0.283868	0.273956	0.282091	0.281755	0.275350	0.270902	0.283175	0.285810	0.293043	0.293481	0.290804	0.280427	0.283166	0.283111	0.266230	0.284794	0.261815	0.281940	0.272793	0.278715	0.260938	0.286349	0.283426	0.294209	0.277911	0.278556	0.281998	0.291762	0.299599	0.302999	0.278988	0.296747	0.306697	0.294952	0.284767	0.275159	
0.319012	0.313414	0.284321	0.281452	0.272676	0.302539	0.304185	0.280709	0.279823	0.275600	0.278696	0.307516	0.284109	0.270303	0.315481	0.310167	0.311445	0.305697	0.291813	0.000000	0.280198	0.275341	0.280911	0.277083	0.278552	0.275686	0.276770	0.274989	0.277834	0.276127	0.275422	0.283069	0.282555	0.277668	0.286302	0.294066	0.284298	0.281983	0.290018	0.297502	0.291342	0.282748	0.278562	0.284270	0.276014	0.277337	0.282313	0.282213	0.282750	0.296516	0.283369	0.281697	0.279489	0.278031	0.275741	0.271394	0.279308	0.286689	0.285281	0.299464	0.274568	0.281119	0.283358	0.282748	0.281937	0.278471	0.277462	0.278212	0.275898	0.277101	0.284650	0.298455	0.292845	0.281271	0.286082	0.276830	0.282761	0.275287	0.305874	0.302013	0.278185	0.295917	0.306297	0.280830	0.283792	0.272575	
0.307640	0.306309	0.275896	0.281137	0.275663	0.304223	0.297297	0.269785	0.271400	0.282111	0.274469	0.294748	0.282521	0.266534	0.302890	0.298936	0.304113	0.299790	0.281257	0.280198	0.000000	0.274844	0.276447	0.276674	0.259947	0.264967	0.275083	0.281105	0.284364	0.274501	0.268345	0.272888	0.269962	0.272138	0.274401	0.299601	0.278483	0.276303	0.288149	0.291639	0.288238	0.282861	0.270410	0.282334	0.283729	0.266224	0.275907	0.277174	0.269810	0.288616	0.272474	0.271515	0.278062	0.271545	0.271606	0.276180	0.271606	0.282916	0.283825	0.277291	0.275021	0.271277	0.276247	0.274960	0.281651	0.272609	0.272641	0.279300	0.277136	0.273468	0.276871	0.298689	0.294432	0.273156	0.276181	0.271707	0.275591	0.290414	0.301028	0.297968	0.280615	0.291676	0.290601	0.268599	0.276306	0.278181	
0.306034	0.306504	0.271133	0.268395	0.272536	0.298241	0.300433	0.272345	0.271482	0.271672	0.268653	0.289516	0.265873	0.264672	0.303113	0.302465	0.304011	0.299624	0.267851	0.275341	0.274844	0.000000	0.269705	0.272822	0.271668	0.275773	0.270539	0.275897	0.268070	0.269109	0.261507	0.268501	0.271945	0.272397	0.270182	0.295208	0.273605	0.280596	0.275310	0.283311	0.284936	0.285031	0.270015	0.267684	0.269012	0.269651	0.270286	0.276316	0.269355	0.296548	0.266915	0.261224	0.270989	0.275210	0.268365	0.267278	0.273048	0.271782	0.281834	0.280496	0.275373	0.269085	0.273808	0.269340	0.268540	0.280927	0.266513	0.270599	0.271383	0.274136	0.267888	0.289968	0.279315	0.277185	0.277202	0.273068	0.275192	0.271590	0.298292	0.301395	0.271885	0.290801	0.300199	0.277648	0.269961	0.268651	
0.312333	0.311777	0.275137	0.273473	0.285815	0.295384	0.298144	0.279006	0.280772	0.278623	0.266840	0.294254	0.264614	0.278295	0.310558	0.296038	0.310800	0.294635	0.272053	0.280911	0.276447	0.269705	0.000000	0.276001	0.269473	0.270874	0.264823	0.278821	0.265309	0.270092	0.273259	0.274719	0.271834	0.279226	0.272082	0.292465	0.281895	0.284480	0.288451	0.288338	0.289132	0.280313	0.271515	0.277004	0.261342	0.267576	0.280579	0.279424	0.275802	0.287683	0.281282	0.270036	0.280170	0.286529	0.275890	0.272702	0.284735	0.276117	0.288865	0.291937	0.284862	0.267156	0.285774	0.278571	0.273867	0.281504	0.266412	0.284813	0.270045	0.282093	0.264989	0.288086	0.287540	0.282234	0.283652	0.270785	0.278686	0.290957	0.295197	0.301829	0.278584	0.288766	0.299745	0.290784	0.272994	0.268769	
0.310783	0.307640	0.279098	0.279742	0.279003	0.302757	0.295264	0.278194	0.274980	0.276884	0.273855	0.297568	0.276872	0.272240	0.311485	0.311134	0.312920	0.307494	0.278838	0.277083	0.276674	0.272822	0.276001	0.000000	0.273807	0.281586	0.274530	0.280094	0.279391	0.280072	0.271482	0.274841	0.282895	0.275377	0.285772	0.302171	0.273669	0.281725	0.284536	0.283610	0.280819	0.279655	0.275442	0.278425	0.269953	0.274415	0.283409	0.278340	0.278546	0.300147	0.281364	0.271158	0.272219	0.278801	0.274149	0.276064	0.282749	0.287195	0.299431	0.281940	0.276440	0.279907	0.277956	0.280671	0.281463	0.282349	0.280303	0.287677	0.279859	0.278162	0.281718	0.304496	0.292867	0.282564	0.274537	0.271591	0.279645	0.298979	0.299635	0.297148	0.279885	0.294729	0.303465	0.288736	0.275092	0.278952	
0.308790	0.308883	0.275231	0.274270	0.278389	0.308678	0.302271	0.272264	0.263918	0.275454	0.274377	0.294295	0.266641	0.268490	0.310134	0.303699	0.308153	0.303296	0.275152	0.278552	0.259947	0.271668	0.269473	0.273807	0.000000	0.272416	0.267219	0.269759	0.270815	0.275985	0.266105	0.271671	0.277613	0.275763	0.268073	0.300390	0.282575	0.281530	0.282717	0.285335	0.283982	0.284097	0.273341	0.274625	0.265977	0.259762	0.270482	0.280874	0.276937	0.291148	0.278816	0.273638	0.270833	0.271855	0.270584	0.270448	0.278903	0.277630	0.286871	0.290921	0.279600	0.266782	0.279796	0.271809	0.270277	0.274251	0.277903	0.272586	0.273444	0.281068	0.267834	0.295280	0.286097	0.272850	0.278383	0.269452	0.273967	0.286391	0.295869	0.295974	0.280437	0.297315	0.303308	0.279456	0.273973	0.272477	
0.313696	0.316391	0.277986	0.277627	0.275588	0.298686	0.301473	0.270883	0.280059	0.280734	0.272800	0.298585	0.282056	0.276593	0.304010	0.292455	0.303677	0.307174	0.269094	0.275686	0.264967	0.275773	0.270874	0.281586	0.272416	0.000000	0.267564	0.273774	0.268193	0.262410	0.267446	0.278519	0.273885	0.281972	0.272885	0.295872	0.268119	0.283567	0.278877	0.284853	0.282715	0.285519	0.268713	0.265311	0.256489	0.260196	0.276598	0.279830	0.272956	0.293153	0.266334	0.269953	0.276433	0.275768	0.269134	0.269063	0.276074	0.282435	0.283156	0.283585	0.282598	0.268469	0.275842	0.273845	0.266633	0.283449	0.265421	0.274447	0.272254	0.274988	0.263482	0.284905	0.285900	0.285581	0.277072	0.272448	0.276747	0.277545	0.300028	0.297954	0.278620	0.299043	0.305687	0.284514	0.277642	0.282396	
0.316327	0.317222	0.280117	0.275678	0.277719	0.304796	0.301128	0.280414	0.277186	0.284911	0.277125	0.290587	0.278465	0.279668	0.321117	0.307423	0.321804	0.305890	0.262304	0.276770	0.275083	0.270539	0.264823	0.274530	0.267219	0.267564	0.000000	0.277125	0.262837	0.260911	0.277771	0.274562	0.281147	0.287320	0.255956	0.301913	0.270689	0.284965	0.284586	0.285824	0.284806	0.278419	0.277351	0.275825	0.267155	0.266209	0.275458	0.286746	0.277725	0.296301	0.269597	0.259059	0.273600	0.287696	0.272356	0.275667	0.278799	0.285966	0.287650	0.292620	0.283122	0.272111	0.282836	0.286360	0.256189	0.285495	0.261821	0.283178	0.271417	0.274945	0.259402	0.290034	0.277843	0.281981	0.289570	0.271893	0.284772	0.284908	0.302454	0.302639	0.286720	0.298980	0.306042	0.296419	0.286037	0.272086	
0.321489	0.318446	0.282706	0.278912	0.284778	0.301306	0.303930	0.279431	0.282029	0.280882	0.277123	0.303483	0.288928	0.275714	0.315685	0.307516	0.316400	0.304454	0.284913	0.274989	0.281105	0.275897	0.278821	0.280094	0.269759	0.273774	0.277125	0.000000	0.278505	0.276996	0.268538	0.269392	0.282099	0.280476	0.280085	0.306156	0.284493	0.279511	0.281893	0.287760	0.283454	0.287529	0.273089	0.281192	0.285035	0.272854	0.277138	0.283050	0.277198	0.294472	0.280630	0.279995	0.280506	0.279150	0.272477	0.277506	0.279718	0.287087	0.292879	0.296407	0.281400	0.275346	0.281208	0.279442	0.285278	0.278614	0.279009	0.273948	0.282626	0.284836	0.279681	0.293926	0.296382	0.274851	0.280789	0.269074	0.280193	0.286585	0.298356	0.298799	0.284126	0.298541	0.317531	0.280402	0.275938	0.284420	
0.310474	0.311222	0.281195	0.282071	0.278533	0.306633	0.306360	0.276937	0.276189	0.281246	0.275419	0.298838	0.274688	0.273656	0.319929	0.303469	0.316740	0.302908	0.264981	0.277834	0.284364	0.268070	0.265309	0.279391	0.270815	0.268193	0.262837	0.278505	0.000000	0.269884	0.273729	0.279849	0.280936	0.284185	0.274045	0.309539	0.269792	0.286164	0.284653	0.287749	0.290274	0.288748	0.280111	0.280209	0.265672	0.262826	0.283884	0.276704	0.281242	0.301230	0.284211	0.265729	0.277626	0.288985	0.269845	0.266920	0.280166	0.283535	0.283764	0.290727	0.283999	0.274667	0.285069	0.278048	0.263179	0.290783	0.261174	0.270597	0.266262	0.282128	0.257194	0.284977	0.287722	0.280896	0.281152	0.273573	0.282206	0.293769	0.295840	0.307581	0.287485	0.301622	0.310378	0.285790	0.282705	0.279116	
0.310700	0.299865	0.273262	0.269984	0.278283	0.297676	0.304167	0.275622	0.274036	0.283852	0.270726	0.307452	0.266994	0.271074	0.317831	0.308631	0.316266	0.309040	0.268178	0.276127	0.274501	0.269109	0.270092	0.280072	0.275985	0.262410	0.260911	0.276996	0.269884	0.000000	0.270096	0.274005	0.280488	0.277992	0.269237	0.299121	0.280710	0.284679	0.278492	0.284192	0.277032	0.281134	0.273481	0.276612	0.267402	0.271379	0.273264	0.275265	0.276416	0.299610	0.271953	0.273567	0.277224	0.272525	0.271439	0.268832	0.278633	0.276967	0.282491	0.279895	0.287434	0.273225	0.280381	0.271806	0.272381	0.274035	0.272215	0.279603	0.269167	0.275818	0.270699	0.294011	0.284606	0.283275	0.274994	0.275307	0.273449	0.292929	0.299554	0.287771	0.281385	0.300597	0.306634	0.288739	0.270397	0.271115	
0.302381	0.304939	0.276726	0.278131	0.268231	0.290493	0.292068	0.271405	0.271605	0.277094	0.268165	0.296749	0.279553	0.272798	0.301772	0.305400	0.308374	0.297061	0.286138	0.275422	0.268345	0.261507	0.273259	0.271482	0.266105	0.267446	0.277771	0.268538	0.273729	0.270096	0.000000	0.274314	0.269293	0.270726	0.274468	0.290155	0.279021	0.272005	0.280143	0.284676	0.281525	0.274448	0.267907	0.265121	0.274405	0.264549	0.270752	0.273618	0.270242	0.288394	0.272833	0.269189	0.276224	0.272536	0.271812	0.264726	0.273266	0.278850	0.289312	0.278321	0.273450	0.272037	0.269085	0.263469	0.279886	0.266208	0.280419	0.273022	0.272994	0.277179	0.275010	0.297113	0.294451	0.270667	0.271036	0.277983	0.274556	0.276540	0.296346	0.294878	0.270714	0.285892	0.294898	0.272727	0.268209	0.275282	
0.315076	0.306334	0.277577	0.276521	0.283663	0.302889	0.297945	0.271274	0.273089	0.276589	0.282973	0.303505	0.273468	0.275314	0.315801	0.315343	0.315662	0.304180	0.278434	0.283069	0.272888	0.268501	0.274719	0.274841	0.271671	0.278519	0.274562	0.269392	0.279849	0.274005	0.274314	0.000000	0.277239	0.277435	0.279915	0.298791	0.275796	0.284202	0.287239	0.285919	0.284036	0.284767	0.277747	0.277266	0.282391	0.276449	0.277210	0.282413	0.280761	0.300983	0.279081	0.278235	0.281882	0.281906	0.272607	0.281761	0.280441	0.282350	0.284783	0.282277	0.282729	0.284089	0.279136	0.272395	0.287696	0.286871	0.281668	0.272667	0.273000	0.276168	0.288947	0.305940	0.294467	0.283738	0.279931	0.272177	0.275734	0.274008	0.296925	0.303951	0.279683	0.301115	0.304437	0.280594	0.274553	0.277738	
0.309781	0.311955	0.289515	0.285924	0.276251	0.294635	0.297098	0.271913	0.279680	0.274392	0.279833	0.301604	0.272442	0.276392	0.308251	0.305477	0.308630	0.298967	0.282424	0.282555	0.269962	0.271945	0.271834	0.282895	0.277613	0.273885	0.281147	0.282099	0.280936	0.280488	0.269293	0.277239	0.000000	0.280093	0.289767	0.297010	0.268526	0.277246	0.287239	0.287942	0.284211	0.283714	0.277614	0.275305	0.287700	0.275274	0.274006	0.284200	0.267507	0.291083	0.267107	0.279621	0.275796	0.283016	0.274859	0.282566	0.276332	0.275796	0.276567	0.269456	0.271105	0.277804	0.277346	0.277813	0.277279	0.282020	0.284634	0.275040	0.282449	0.277894	0.281713	0.297950	0.300885	0.280145	0.280979	0.281143	0.275421	0.273167	0.292369	0.295328	0.276615	0.291770	0.297084	0.281220	0.273187	0.281915	
0.310302	0.310618	0.280832	0.282833	0.279495	0.297738	0.302084	0.276804	0.278226	0.276579	0.276219	0.307119	0.279582	0.267284	0.312879	0.314103	0.310246	0.299448	0.286432	0.277668	0.272138	0.272397	0.279226	0.275377	0.275763	0.281972	0.287320	0.280476	0.284185	0.277992	0.270726	0.277435	0.280093	0.000000	0.279554	0.302282	0.285615	0.284299	0.284914	0.289610	0.288470	0.286818	0.284596	0.285813	0.278797	0.272315	0.274660	0.286648	0.277566	0.299387	0.276767	0.281291	0.274452	0.276229	0.274549	0.279685	0.277069	0.284144	0.287386	0.298757	0.284243	0.276363	0.278411	0.278690	0.278018	0.278119	0.277515	0.276151	0.279672	0.275419	0.283996	0.298629	0.299326	0.284014	0.288138	0.282432	0.279077	0.281889	0.301213	0.308431	0.279660	0.300868	0.304802	0.289036	0.277112	0.277394	
0.314150	0.319774	0.284488	0.283430	0.280125	0.305820	0.309597	0.282684	0.286933	0.281656	0.274005	0.300772	0.279415	0.272908	0.312492	0.302944	0.316447	0.305593	0.274348	0.286302	0.274401	0.270182	0.272082	0.285772	0.268073	0.272885	0.255956	0.280085	0.274045	0.269237	0.274468	0.279915	0.289767	0.279554	0.000000	0.299866	0.280903	0.286396	0.287586	0.289631	0.290438	0.293124	0.287005	0.277057	0.265299	0.263036	0.288868	0.280873	0.280387	0.301681	0.278450	0.267282	0.277414	0.279655	0.269980	0.275619	0.280690	0.283068	0.291469	0.296217	0.280506	0.275105	0.279560	0.285340	0.260882	0.285855	0.261739	0.278521	0.273484	0.286798	0.264356	0.289438	0.282653	0.289121	0.292196	0.278793	0.286467	0.286697	0.303184	0.310437	0.288475	0.295027	0.308040	0.279491	0.288761	0.279549	
0.292785	0.290076	0.297616	0.299393	0.297909	0.267218	0.266489	0.298137	0.300423	0.293772	0.292180	0.276258	0.308683	0.290881	0.280435	0.272277	0.279343	0.267695	0.302777	0.294066	0.299601	0.295208	0.292465	0.302171	0.300390	0.295872	0.301913	0.306156	0.309539	0.299121	0.290155	0.298791	0.297010	0.302282	0.299866	0.000000	0.294046	0.303581	0.310356	0.311406	0.310318	0.300534	0.299200	0.297106	0.291510	0.289906	0.296664	0.296586	0.298123	0.258234	0.293613	0.297216	0.298588	0.299374	0.291399	0.294032	0.300177	0.303358	0.296110	0.294461	0.300136	0.317951	0.298363	0.298782	0.296363	0.299282	0.305479	0.297462	0.298686	0.293075	0.299040	0.256329	0.258268	0.300057	0.291032	0.293850	0.300914	0.309619	0.275252	0.273049	0.297442	0.263417	0.270600	0.302752	0.299071	0.302186	
0.299982	0.306603	0.281780	0.285789	0.276566	0.311745	0.301571	0.290671	0.278809	0.284520	0.279861	0.294140	0.280822	0.278766	0.311068	0.297463	0.306037	0.302085	0.271517	0.284298	0.278483	0.273605	0.281895	0.273669	0.282575	0.268119	0.270689	0.284493	0.269792	0.280710	0.279021	0.275796	0.268526	0.285615	0.280903	0.294046	0.000000	0.141482	0.293403	0.293370	0.287994	0.284067	0.276821	0.274559	0.277343	0.268714	0.280665	0.287863	0.278600	0.301430	0.281405	0.276769	0.271304	0.277710	0.273155	0.280105	0.275592	0.286074	0.276615	0.286219	0.281528	0.279629	0.279551	0.287433	0.272459	0.279540	0.278364	0.277420	0.275468	0.278796	0.279943	0.287373	0.288731	0.286943	0.282070	0.278426	0.288874	0.287561	0.300178	0.297713	0.276185	0.292430	0.302868	0.288120	0.286136	0.281128	
0.308568	0.309574	0.281812	0.283582	0.279892	0.303804	0.300762	0.285935	0.283833	0.283903	0.288864	0.302303	0.289723	0.279365	0.317383	0.310143	0.313487	0.300387	0.289957	0.281983	0.276303	0.280596	0.284480	0.281725	0.281530	0.283567	0.284965	0.279511	0.286164	0.284679	0.272005	0.284202	0.277246	0.284299	0.286396	0.303581	0.141482	0.000000	0.286469	0.293341	0.288506	0.288081	0.279077	0.279743	0.276563	0.285914	0.277955	0.281004	0.277205	0.294269	0.282569	0.287145	0.282872	0.283559	0.282769	0.280320	0.276933	0.281569	0.298139	0.291943	0.285171	0.284459	0.276271	0.280005	0.283283	0.280719	0.292848	0.280357	0.289230	0.288752	0.291623	0.302499	0.304414	0.284686	0.291330	0.286296	0.285261	0.298872	0.304865	0.301346	0.284110	0.299276	0.305048	0.290021	0.285987	0.290199	
0.317782	0.319180	0.292816	0.290019	0.283362	0.299630	0.309083	0.281047	0.285651	0.281834	0.283561	0.313223	0.288205	0.280854	0.316799	0.309548	0.314346	0.315784	0.284697	0.290018	0.288149	0.275310	0.288451	0.284536	0.282717	0.278877	0.284586	0.281893	0.284653	0.278492	0.280143	0.287239	0.287239	0.284914	0.287586	0.310356	0.293403	0.286469	0.000000	0.129457	0.131971	0.295344	0.280203	0.282534	0.286442	0.278237	0.286763	0.287392	0.283515	0.308463	0.289082	0.288164	0.287021	0.294101	0.284395	0.282768	0.291667	0.295839	0.297338	0.300855	0.284734	0.286577	0.285859	0.285617	0.287854	0.287884	0.282148	0.286013	0.287625	0.293569	0.281446	0.303027	0.302112	0.282894	0.281325	0.287065	0.287837	0.290444	0.307949	0.313722	0.286793	0.303536	0.312695	0.297032	0.288931	0.288471	
0.317095	0.325192	0.295639	0.292841	0.290213	0.307418	0.307039	0.282271	0.292661	0.285651	0.281229	0.314833	0.286712	0.288940	0.322378	0.314904	0.319405	0.314743	0.290639	0.297502	0.291639	0.283311	0.288338	0.283610	0.285335	0.284853	0.285824	0.287760	0.287749	0.284192	0.284676	0.285919	0.287942	0.289610	0.289631	0.311406	0.293370	0.293341	0.129457	0.000000	0.127366	0.299845	0.283398	0.286764	0.288484	0.282224	0.293860	0.292207	0.287501	0.308961	0.291653	0.293368	0.288485	0.290809	0.288984	0.287347	0.294169	0.295581	0.293469	0.304849	0.289322	0.293475	0.295021	0.287442	0.294768	0.292683	0.284513	0.290603	0.289835	0.296340	0.280789	0.308424	0.303358	0.293022	0.286228	0.292377	0.289307	0.292792	0.301361	0.316870	0.292444	0.306811	0.310751	0.291648	0.287491	0.291111	
0.312268	0.314683	0.296940	0.291134	0.289977	0.298769	0.302707	0.279205	0.287147	0.284288	0.278968	0.313048	0.292094	0.284207	0.315084	0.313969	0.315084	0.311860	0.285798	0.291342	0.288238	0.284936	0.289132	0.280819	0.283982	0.282715	0.284806	0.283454	0.290274	0.277032	0.281525	0.284036	0.284211	0.288470	0.290438	0.310318	0.287994	0.288506	0.131971	0.127366	0.000000	0.292758	0.279195	0.283833	0.285739	0.281584	0.285449	0.289663	0.276001	0.304536	0.285714	0.290840	0.285772	0.288724	0.282845	0.287865	0.288301	0.291211	0.292836	0.296036	0.285400	0.289666	0.287162	0.283439	0.292284	0.296231	0.285579	0.281260	0.289465	0.291495	0.290016	0.306437	0.302331	0.290398	0.280603	0.289191	0.292957	0.296816	0.301771	0.312341	0.285074	0.305057	0.308079	0.287862	0.287629	0.291677	
0.310251	0.308682	0.288618	0.285463	0.289811	0.295298	0.296846	0.280756	0.277728	0.284389	0.282669	0.304952	0.291166	0.278705	0.315143	0.314358	0.318655	0.306014	0.291525	0.282748	0.282861	0.285031	0.280313	0.279655	0.284097	0.285519	0.278419	0.287529	0.288748	0.281134	0.274448	0.284767	0.283714	0.286818	0.293124	0.300534	0.284067	0.288081	0.295344	0.299845	0.292758	0.000000	0.286868	0.277573	0.272200	0.281455	0.279221	0.279978	0.279898	0.298938	0.276180	0.283974	0.278294	0.284251	0.282842	0.276354	0.283837	0.282386	0.289115	0.286511	0.281100	0.283634	0.282784	0.276876	0.287919	0.286223	0.284441	0.282873	0.284623	0.287559	0.293176	0.298335	0.294420	0.285521	0.288264	0.279974	0.284383	0.278013	0.295771	0.297185	0.284767	0.298371	0.297014	0.288457	0.281987	0.286602	
0.310883	0.314631	0.277119	0.280316	0.273046	0.304169	0.298783	0.268382	0.269653	0.278225	0.283758	0.304280	0.283085	0.273441	0.308177	0.307745	0.304901	0.303275	0.288527	0.278562	0.270410	0.270015	0.271515	0.275442	0.273341	0.268713	0.277351	0.273089	0.280111	0.273481	0.267907	0.277747	0.277614	0.284596	0.287005	0.299200	0.276821	0.279077	0.280203	0.283398	0.279195	0.286868	0.000000	0.270476	0.264356	0.273014	0.273307	0.276180	0.270389	0.294039	0.275086	0.278116	0.276948	0.271607	0.273782	0.279256	0.274140	0.283236	0.285714	0.275225	0.273119	0.277826	0.270958	0.276545	0.280776	0.275041	0.283696	0.272085	0.279417	0.279981	0.276002	0.297731	0.298227	0.282496	0.280412	0.283539	0.273674	0.273603	0.296455	0.307803	0.283041	0.298997	0.300794	0.285877	0.280769	0.280268	
0.312029	0.305158	0.281611	0.278471	0.281659	0.295927	0.301176	0.274537	0.272014	0.282971	0.273135	0.303518	0.279024	0.271639	0.311708	0.307518	0.311362	0.303576	0.276152	0.284270	0.282334	0.267684	0.277004	0.278425	0.274625	0.265311	0.275825	0.281192	0.280209	0.276612	0.265121	0.277266	0.275305	0.285813	0.277057	0.297106	0.274559	0.279743	0.282534	0.286764	0.283833	0.277573	0.270476	0.000000	0.271198	0.264802	0.275392	0.273232	0.269624	0.302629	0.268519	0.266881	0.270645	0.277053	0.270991	0.276026	0.274440	0.277047	0.287194	0.281017	0.280392	0.272027	0.274353	0.267734	0.271193	0.273790	0.271628	0.273125	0.275903	0.281055	0.269199	0.290198	0.283907	0.280492	0.286907	0.279706	0.277346	0.276161	0.292359	0.301496	0.273229	0.293119	0.303113	0.285781	0.276786	0.275276	
0.307157	0.298652	0.277731	0.276585	0.272680	0.291201	0.302979	0.274813	0.273952	0.281048	0.275237	0.298447	0.259684	0.267495	0.312276	0.301431	0.313150	0.301531	0.275844	0.276014	0.283729	0.269012	0.261342	0.269953	0.265977	0.256489	0.267155	0.285035	0.265672	0.267402	0.274405	0.282391	0.287700	0.278797	0.265299	0.291510	0.277343	0.276563	0.286442	0.288484	0.285739	0.272200	0.264356	0.271198	0.000000	0.262151	0.282862	0.273210	0.269094	0.294301	0.272907	0.266505	0.262684	0.272211	0.264661	0.271025	0.285254	0.279566	0.278250	0.275000	0.279804	0.273473	0.271954	0.276855	0.257020	0.280874	0.267811	0.273917	0.268229	0.275806	0.265793	0.290418	0.282371	0.278324	0.280893	0.275330	0.278368	0.277853	0.297119	0.297764	0.276999	0.301068	0.306896	0.280714	0.269841	0.274974	
0.306003	0.303278	0.280362	0.278571	0.277379	0.297329	0.294248	0.269379	0.271502	0.276219	0.267358	0.288970	0.274219	0.262427	0.306829	0.296614	0.302630	0.300035	0.269795	0.277337	0.266224	0.269651	0.267576	0.274415	0.259762	0.260196	0.266209	0.272854	0.262826	0.271379	0.264549	0.276449	0.275274	0.272315	0.263036	0.289906	0.268714	0.285914	0.278237	0.282224	0.281584	0.281455	0.273014	0.264802	0.262151	0.000000	0.273825	0.274105	0.268239	0.293193	0.268628	0.271562	0.273620	0.276869	0.264316	0.272397	0.278381	0.278923	0.282704	0.294744	0.273796	0.275090	0.273606	0.277771	0.259584	0.279841	0.260806	0.269043	0.267762	0.278433	0.267047	0.282763	0.281622	0.277117	0.277188	0.268940	0.271179	0.272750	0.298580	0.297389	0.274177	0.283204	0.292998	0.292725	0.281196	0.274975	
0.311440	0.302191	0.281530	0.284684	0.275467	0.297759	0.294855	0.277460	0.284517	0.277839	0.274462	0.307083	0.267840	0.264712	0.307185	0.306639	0.311043	0.305195	0.280638	0.282313	0.275907	0.270286	0.280579	0.283409	0.270482	0.276598	0.275458	0.277138	0.283884	0.273264	0.270752	0.277210	0.274006	0.274660	0.288868	0.296664	0.280665	0.277955	0.286763	0.293860	0.285449	0.279221	0.273307	0.275392	0.282862	0.273825	0.000000	0.280438	0.269382	0.294641	0.265676	0.274626	0.276316	0.280540	0.272079	0.270291	0.274693	0.286362	0.283218	0.279343	0.279912	0.273967	0.270498	0.268920	0.276976	0.282602	0.285950	0.276748	0.277970	0.279647	0.283368	0.298323	0.296584	0.278163	0.276828	0.274024	0.268279	0.286115	0.293335	0.304625	0.277614	0.294366	0.296208	0.284287	0.275314	0.280556	
0.306730	0.311424	0.292002	0.285699	0.280168	0.302316	0.305982	0.274667	0.282531	0.282100	0.280955	0.309084	0.286465	0.268748	0.314969	0.312081	0.314308	0.303995	0.289821	0.282213	0.277174	0.276316	0.279424	0.278340	0.280874	0.279830	0.286746	0.283050	0.276704	0.275265	0.273618	0.282413	0.284200	0.286648	0.280873	0.296586	0.287863	0.281004	0.287392	0.292207	0.289663	0.279978	0.276180	0.273232	0.273210	0.274105	0.280438	0.000000	0.277532	0.294534	0.275107	0.277431	0.276212	0.282675	0.279671	0.274751	0.285556	0.278173	0.286523	0.274936	0.274522	0.285590	0.276939	0.270087	0.278220	0.275464	0.284450	0.276957	0.285398	0.276583	0.282156	0.299754	0.293911	0.278419	0.276533	0.274753	0.278629	0.252176	0.300188	0.300771	0.274733	0.294118	0.300278	0.282976	0.283889	0.272935	
0.302019	0.305741	0.281747	0.281779	0.278659	0.291259	0.293168	0.271493	0.275384	0.282022	0.278434	0.306063	0.280409	0.276722	0.308309	0.305267	0.304206	0.298060	0.280622	0.282750	0.269810	0.269355	0.275802	0.278546	0.276937	0.272956	0.277725	0.277198	0.281242	0.276416	0.270242	0.280761	0.267507	0.277566	0.280387	0.298123	0.278600	0.277205	0.283515	0.287501	0.276001	0.279898	0.270389	0.269624	0.269094	0.268239	0.269382	0.277532	0.000000	0.286484	0.263430	0.278433	0.274658	0.268223	0.272158	0.277576	0.270662	0.274425	0.282982	0.271857	0.268416	0.268121	0.274612	0.275217	0.278867	0.271372	0.278660	0.267308	0.275219	0.270964	0.280387	0.296342	0.293554	0.277752	0.276045	0.275235	0.279011	0.281849	0.289883	0.308857	0.270138	0.296097	0.296168	0.278086	0.271980	0.283064	
0.285502	0.278687	0.302418	0.304097	0.295694	0.261869	0.270442	0.296524	0.306960	0.297312	0.291122	0.269700	0.295766	0.292593	0.273936	0.276426	0.277033	0.274648	0.302750	0.296516	0.288616	0.296548	0.287683	0.300147	0.291148	0.293153	0.296301	0.294472	0.301230	0.299610	0.288394	0.300983	0.291083	0.299387	0.301681	0.258234	0.301430	0.294269	0.308463	0.308961	0.304536	0.298938	0.294039	0.302629	0.294301	0.293193	0.294641	0.294534	0.286484	0.000000	0.294547	0.300278	0.296124	0.294899	0.291918	0.295124	0.298527	0.289968	0.298511	0.294347	0.289598	0.301270	0.295470	0.299931	0.307048	0.296496	0.302907	0.294892	0.297263	0.293724	0.296954	0.263084	0.261345	0.297666	0.294945	0.294039	0.297207	0.303440	0.258955	0.271611	0.301589	0.267214	0.269939	0.296587	0.292458	0.301547	
0.304158	0.306133	0.276380	0.272311	0.266014	0.294989	0.298243	0.274442	0.271950	0.275517	0.277705	0.311135	0.275862	0.270847	0.312644	0.305412	0.311986	0.297498	0.283868	0.283369	0.272474	0.266915	0.281282	0.281364	0.278816	0.266334	0.269597	0.280630	0.284211	0.271953	0.272833	0.279081	0.267107	0.276767	0.278450	0.293613	0.281405	0.282569	0.289082	0.291653	0.285714	0.276180	0.275086	0.268519	0.272907	0.268628	0.265676	0.275107	0.263430	0.294547	0.000000	0.272367	0.274835	0.275733	0.274832	0.280472	0.272996	0.279139	0.270417	0.270597	0.269541	0.269701	0.270392	0.262502	0.283194	0.272139	0.274295	0.264677	0.276419	0.264741	0.280329	0.291477	0.290836	0.273013	0.279418	0.281117	0.275924	0.270021	0.294693	0.306327	0.273745	0.294914	0.296579	0.276348	0.271461	0.285992	
