0.000000	0.218325	0.314013	0.318141	0.287386	0.292252	0.314217	0.316634	0.315313	0.307927	0.294090	0.310824	0.305177	0.284297	0.292093	0.311253	0.321083	0.312588	0.307874	0.312321	0.313301	0.308735	0.311053	0.308178	0.319843	0.312625	0.306878	0.304406	0.316685	0.310387	0.317049	0.312154	0.292062	0.314351	0.315115	0.310405	0.316743	0.313286	0.308498	0.310555	0.315664	0.317623	0.307107	0.291107	0.309184	0.317494	0.313605	0.314513	0.306395	0.315085	0.306276	0.311321	0.311714	0.318807	0.308636	0.313714	0.319934	0.310106	0.317702	0.315176	0.318535	0.314292	0.316137	0.282454	0.286931	0.314108	0.312854	0.311418	0.318211	0.328034	0.294429	0.295142	0.303119	0.290223	0.290522	0.332502	0.316995	0.312500	
0.218325	0.000000	0.310056	0.321634	0.284751	0.287890	0.321425	0.319317	0.322758	0.313512	0.287757	0.305923	0.310907	0.288000	0.283941	0.319054	0.320082	0.311133	0.314512	0.313318	0.312090	0.313921	0.317913	0.321433	0.319435	0.315333	0.310651	0.304229	0.315852	0.314797	0.316805	0.313741	0.291464	0.310989	0.313622	0.317205	0.321282	0.311913	0.308066	0.309020	0.313574	0.320531	0.310906	0.287923	0.313099	0.321596	0.308191	0.314460	0.314729	0.309513	0.308662	0.316617	0.314779	0.322626	0.315516	0.314263	0.317165	0.311376	0.322071	0.315312	0.318192	0.311884	0.317493	0.287371	0.284753	0.314862	0.310508	0.314973	0.316229	0.312471	0.289218	0.278971	0.310141	0.289620	0.290425	0.326786	0.317091	0.313666	
0.314013	0.310056	0.000000	0.281862	0.300570	0.301264	0.277060	0.275061	0.279289	0.272833	0.294964	0.276496	0.271649	0.308068	0.302025	0.282479	0.281154	0.274862	0.264693	0.279725	0.282450	0.278669	0.270774	0.277545	0.285427	0.277859	0.271899	0.280866	0.274558	0.282317	0.280863	0.286336	0.298947	0.283778	0.289107	0.284655	0.280852	0.283415	0.282737	0.281169	0.287944	0.287147	0.286305	0.301659	0.277751	0.282631	0.283991	0.287007	0.274937	0.279987	0.280830	0.287235	0.281595	0.283145	0.280995	0.286341	0.286503	0.281084	0.284754	0.280280	0.285984	0.283762	0.279592	0.294965	0.286723	0.285266	0.280891	0.282303	0.288809	0.286522	0.295795	0.298463	0.279772	0.301412	0.299977	0.276727	0.282434	0.283266	
0.318141	0.321634	0.281862	0.000000	0.304991	0.309779	0.271914	0.285090	0.278420	0.273828	0.306855	0.278625	0.271973	0.304367	0.304186	0.289131	0.284096	0.282943	0.276476	0.288443	0.277851	0.279475	0.277036	0.284771	0.287724	0.281054	0.285798	0.271329	0.279568	0.280933	0.282850	0.281031	0.304634	0.287428	0.285450	0.287369	0.278130	0.286808	0.275716	0.278734	0.285637	0.282020	0.284517	0.304285	0.279100	0.282737	0.276675	0.282980	0.282263	0.283767	0.283362	0.285822	0.275641	0.283255	0.276736	0.282987	0.292788	0.282268	0.284119	0.283905	0.289956	0.284717	0.281828	0.298905	0.298787	0.280626	0.281156	0.283738	0.284011	0.281558	0.301089	0.308964	0.278909	0.304655	0.302122	0.277208	0.285080	0.277745	
0.287386	0.284751	0.300570	0.304991	0.000000	0.250399	0.299227	0.300667	0.300944	0.294650	0.252516	0.287016	0.292316	0.261061	0.248937	0.304404	0.301410	0.305238	0.298241	0.295987	0.296858	0.307477	0.292510	0.302609	0.307549	0.300524	0.300645	0.291156	0.304400	0.289550	0.288883	0.313331	0.265298	0.301052	0.299841	0.289842	0.303034	0.293897	0.294540	0.292362	0.292230	0.305266	0.293412	0.263906	0.289021	0.300538	0.296808	0.294230	0.295711	0.295903	0.292504	0.288998	0.294084	0.302480	0.294022	0.295176	0.309739	0.288120	0.301400	0.300985	0.307412	0.293169	0.303854	0.272010	0.269660	0.306591	0.294025	0.307764	0.301323	0.298798	0.245998	0.239002	0.288917	0.245154	0.249366	0.298005	0.293912	0.297200	
0.292252	0.287890	0.301264	0.309779	0.250399	0.000000	0.302772	0.300480	0.302675	0.296123	0.245926	0.305849	0.296813	0.247895	0.252716	0.304703	0.307545	0.303085	0.300110	0.298883	0.309138	0.310396	0.301545	0.305284	0.310983	0.312890	0.301177	0.299794	0.301993	0.298412	0.304075	0.305720	0.273494	0.309536	0.306155	0.302956	0.302264	0.298401	0.310465	0.302853	0.298441	0.306791	0.299538	0.272482	0.303749	0.306494	0.300626	0.305076	0.297556	0.298615	0.298808	0.304551	0.303197	0.313596	0.304315	0.300088	0.305003	0.300789	0.306361	0.300863	0.309817	0.302523	0.300786	0.274277	0.270775	0.302915	0.304523	0.299447	0.306438	0.311030	0.255121	0.256774	0.290692	0.261585	0.259152	0.314696	0.307561	0.303079	
0.314217	0.321425	0.277060	0.271914	0.299227	0.302772	0.000000	0.275980	0.273974	0.269202	0.300861	0.282201	0.272350	0.298422	0.302001	0.282852	0.283714	0.278786	0.279276	0.286227	0.284221	0.276278	0.270446	0.289594	0.284668	0.281360	0.276233	0.284588	0.283542	0.275112	0.279796	0.283058	0.295348	0.281336	0.281975	0.281014	0.284086	0.276693	0.281523	0.277266	0.285291	0.285454	0.274708	0.304619	0.286377	0.286932	0.280313	0.283311	0.272910	0.276106	0.277618	0.282401	0.287655	0.279434	0.274394	0.277472	0.285749	0.281653	0.284897	0.283406	0.283244	0.281336	0.283958	0.294678	0.290598	0.282241	0.279672	0.274587	0.280959	0.290168	0.301439	0.306444	0.279474	0.300419	0.304034	0.292699	0.275490	0.285500	
0.316634	0.319317	0.275061	0.285090	0.300667	0.300480	0.275980	0.000000	0.278050	0.280179	0.300991	0.280076	0.276807	0.309531	0.303389	0.283658	0.281858	0.278481	0.280883	0.283205	0.271589	0.269103	0.285053	0.288771	0.286855	0.276461	0.273548	0.281527	0.272098	0.278310	0.285441	0.284610	0.298973	0.286978	0.280799	0.283764	0.283945	0.281582	0.278997	0.277220	0.285517	0.285224	0.281324	0.305562	0.282310	0.277195	0.278778	0.286441	0.276650	0.272016	0.280072	0.285592	0.283329	0.276423	0.279039	0.287603	0.285802	0.283873	0.283685	0.284009	0.283926	0.280810	0.283595	0.298811	0.293037	0.281970	0.274753	0.285335	0.280440	0.275752	0.297252	0.299203	0.274573	0.307087	0.303761	0.287298	0.283707	0.291031	
0.315313	0.322758	0.279289	0.278420	0.300944	0.302675	0.273974	0.278050	0.000000	0.275558	0.297241	0.272779	0.267971	0.308233	0.301106	0.286166	0.279351	0.278692	0.271521	0.275080	0.280017	0.269789	0.272147	0.277839	0.281877	0.283866	0.277682	0.271863	0.278859	0.278539	0.280484	0.284062	0.296288	0.285957	0.279572	0.281247	0.281210	0.281257	0.280945	0.281864	0.282703	0.284857	0.280422	0.301804	0.278107	0.283278	0.285379	0.283516	0.276363	0.279092	0.272447	0.277505	0.280176	0.281661	0.280105	0.280696	0.280738	0.291040	0.280814	0.273511	0.280755	0.276761	0.279853	0.299686	0.291517	0.285017	0.283375	0.279376	0.280722	0.285649	0.294406	0.304002	0.273831	0.296662	0.305888	0.294665	0.278540	0.278163	
0.307927	0.313512	0.272833	0.273828	0.294650	0.296123	0.269202	0.280179	0.275558	0.000000	0.294351	0.272847	0.268658	0.299254	0.301947	0.268444	0.282076	0.271676	0.265833	0.268144	0.278759	0.272989	0.267620	0.276559	0.286002	0.276959	0.266962	0.267055	0.275638	0.275589	0.276799	0.271700	0.294746	0.279681	0.280127	0.279268	0.283005	0.274341	0.275431	0.274208	0.276931	0.282683	0.284688	0.297998	0.279096	0.269545	0.279979	0.276789	0.270144	0.272864	0.268855	0.280693	0.282396	0.275848	0.283846	0.280128	0.278537	0.272255	0.277600	0.280213	0.283309	0.275066	0.278227	0.291662	0.288297	0.279944	0.260797	0.271926	0.279392	0.285584	0.296397	0.305829	0.267712	0.298302	0.297964	0.282353	0.279585	0.271982	
0.294090	0.287757	0.294964	0.306855	0.252516	0.245926	0.300861	0.300991	0.297241	0.294351	0.000000	0.299359	0.301292	0.256115	0.255636	0.293427	0.304070	0.299360	0.291910	0.286836	0.302397	0.294399	0.288910	0.290051	0.303316	0.294613	0.298972	0.293916	0.300454	0.299818	0.305430	0.300966	0.275190	0.297867	0.307809	0.299277	0.306122	0.297006	0.293290	0.288706	0.307862	0.310458	0.307901	0.268991	0.305712	0.292043	0.302815	0.306955	0.297053	0.293140	0.299767	0.292993	0.308135	0.296801	0.301086	0.309599	0.289938	0.297625	0.293830	0.302586	0.297928	0.305206	0.284271	0.261226	0.253957	0.301166	0.303145	0.301674	0.301712	0.306889	0.256787	0.250000	0.298290	0.257526	0.269123	0.303624	0.305763	0.302981	
0.310824	0.305923	0.276496	0.278625	0.287016	0.305849	0.282201	0.280076	0.272779	0.272847	0.299359	0.000000	0.270270	0.299092	0.305027	0.274712	0.278689	0.283733	0.265857	0.263937	0.280581	0.269572	0.274942	0.271879	0.284316	0.273795	0.265274	0.282605	0.277086	0.273558	0.284774	0.278465	0.303392	0.280286	0.283647	0.281897	0.288868	0.283831	0.265606	0.276178	0.278624	0.283172	0.280290	0.298896	0.269878	0.282000	0.275686	0.276693	0.281714	0.286772	0.285714	0.287392	0.288160	0.280622	0.286978	0.283688	0.286739	0.284690	0.267467	0.279412	0.288345	0.286772	0.280508	0.288304	0.287341	0.288126	0.290057	0.285983	0.280689	0.308705	0.298623	0.281673	0.277447	0.292442	0.299173	0.288740	0.281100	0.272186	
0.305177	0.310907	0.271649	0.271973	0.292316	0.296813	0.272350	0.276807	0.267971	0.268658	0.301292	0.270270	0.000000	0.302293	0.300500	0.279909	0.274976	0.276291	0.262777	0.280637	0.269641	0.269284	0.273598	0.274030	0.277341	0.271983	0.268967	0.279788	0.274072	0.276568	0.275444	0.277549	0.294331	0.282310	0.286411	0.281926	0.274531	0.263810	0.275041	0.268131	0.270831	0.279953	0.276718	0.295866	0.272393	0.272183	0.284001	0.273031	0.268075	0.270644	0.275715	0.279853	0.282189	0.271582	0.272122	0.281395	0.277826	0.278188	0.276722	0.278280	0.283754	0.274662	0.272877	0.288901	0.285971	0.276686	0.275013	0.268818	0.270670	0.284934	0.296604	0.292896	0.272717	0.292916	0.291841	0.275725	0.273501	0.276141	
0.284297	0.288000	0.308068	0.304367	0.261061	0.247895	0.298422	0.309531	0.308233	0.299254	0.256115	0.299092	0.302293	0.000000	0.257827	0.302041	0.304899	0.304565	0.298558	0.302316	0.300940	0.310707	0.295683	0.310550	0.310224	0.305620	0.308910	0.300639	0.303179	0.302099	0.301161	0.308793	0.260098	0.305164	0.301859	0.304654	0.301228	0.305326	0.310562	0.299277	0.308207	0.309826	0.302860	0.269173	0.299486	0.303850	0.309844	0.295207	0.302340	0.297756	0.303166	0.298101	0.299845	0.305361	0.302417	0.308151	0.311789	0.309208	0.304203	0.305396	0.312703	0.307083	0.305749	0.265386	0.261942	0.306327	0.297315	0.301161	0.302703	0.307569	0.258094	0.254132	0.302219	0.256402	0.263598	0.313237	0.303315	0.303617	
0.292093	0.283941	0.302025	0.304186	0.248937	0.252716	0.302001	0.303389	0.301106	0.301947	0.255636	0.305027	0.300500	0.257827	0.000000	0.305804	0.305789	0.306973	0.303942	0.301847	0.313451	0.302286	0.304558	0.311528	0.304477	0.309629	0.298535	0.300811	0.298978	0.300485	0.301584	0.306940	0.272882	0.309052	0.307439	0.300320	0.305330	0.305596	0.311800	0.301194	0.306754	0.305761	0.296921	0.274067	0.299792	0.311016	0.305211	0.308002	0.303059	0.301340	0.302924	0.297898	0.302553	0.306592	0.304595	0.306174	0.316905	0.302644	0.303277	0.304718	0.311488	0.301990	0.305929	0.276260	0.272175	0.309640	0.306609	0.304717	0.302886	0.303217	0.257376	0.248831	0.299897	0.255846	0.254613	0.315801	0.302286	0.305312	
0.311253	0.319054	0.282479	0.289131	0.304404	0.304703	0.282852	0.283658	0.286166	0.268444	0.293427	0.274712	0.279909	0.302041	0.305804	0.000000	0.289266	0.284262	0.270142	0.274582	0.284879	0.274559	0.264298	0.258354	0.291986	0.270815	0.266735	0.289144	0.280285	0.278697	0.287200	0.273037	0.304373	0.290965	0.287358	0.292592	0.294524	0.277778	0.277647	0.268384	0.283590	0.292983	0.280685	0.301844	0.286258	0.273030	0.285813	0.278049	0.275290	0.273315	0.284374	0.290673	0.292941	0.276923	0.281879	0.291084	0.277528	0.291681	0.267607	0.286070	0.276120	0.280723	0.267793	0.287889	0.275653	0.294383	0.287484	0.287247	0.282120	0.294579	0.305370	0.304333	0.282029	0.301796	0.306508	0.293507	0.294172	0.284083	
0.321083	0.320082	0.281154	0.284096	0.301410	0.307545	0.283714	0.281858	0.279351	0.282076	0.304070	0.278689	0.274976	0.304899	0.305789	0.289266	0.000000	0.283065	0.275156	0.282551	0.283394	0.279731	0.275362	0.278846	0.279839	0.281086	0.275768	0.281982	0.281529	0.287419	0.279563	0.285256	0.298690	0.282255	0.284686	0.282782	0.286565	0.288481	0.286020	0.282264	0.290367	0.291306	0.287942	0.300333	0.282769	0.285205	0.288204	0.282527	0.276530	0.277112	0.280225	0.284031	0.284560	0.283455	0.276508	0.288759	0.291703	0.278737	0.279128	0.280404	0.286670	0.276331	0.288622	0.305988	0.294659	0.286705	0.282453	0.280004	0.282416	0.275017	0.308508	0.308494	0.279785	0.302413	0.308692	0.283825	0.285047	0.286258	
0.312588	0.311133	0.274862	0.282943	0.305238	0.303085	0.278786	0.278481	0.278692	0.271676	0.299360	0.283733	0.276291	0.304565	0.306973	0.284262	0.283065	0.000000	0.273673	0.279815	0.278764	0.265126	0.275945	0.281931	0.284532	0.289804	0.274574	0.281196	0.276657	0.275496	0.272342	0.276631	0.302016	0.277034	0.286682	0.278256	0.280621	0.286064	0.283295	0.282135	0.282271	0.280912	0.276500	0.302301	0.284140	0.279062	0.287259	0.279107	0.275548	0.273077	0.271406	0.283470	0.282252	0.278057	0.278358	0.282946	0.286364	0.283805	0.280329	0.285411	0.287418	0.279516	0.284668	0.299541	0.290250	0.277368	0.279074	0.285608	0.280894	0.291487	0.305394	0.300701	0.284095	0.304432	0.299223	0.282335	0.284865	0.284167	
0.307874	0.314512	0.264693	0.276476	0.298241	0.300110	0.279276	0.280883	0.271521	0.265833	0.291910	0.265857	0.262777	0.298558	0.303942	0.270142	0.275156	0.273673	0.000000	0.262486	0.274972	0.270395	0.271884	0.270820	0.277893	0.269675	0.270053	0.272444	0.271711	0.274711	0.278715	0.274019	0.294571	0.280509	0.283477	0.277333	0.277405	0.270745	0.266387	0.268225	0.278981	0.272355	0.279105	0.295331	0.275140	0.261325	0.277875	0.275316	0.277097	0.273741	0.272229	0.278353	0.280083	0.271319	0.278277	0.277203	0.271799	0.275901	0.267207	0.276089	0.275500	0.279962	0.268230	0.291715	0.274986	0.275484	0.276723	0.278228	0.281979	0.281759	0.298346	0.301757	0.270688	0.298570	0.301393	0.282406	0.271243	0.274745	
0.312321	0.313318	0.279725	0.288443	0.295987	0.298883	0.286227	0.283205	0.275080	0.268144	0.286836	0.263937	0.280637	0.302316	0.301847	0.274582	0.282551	0.279815	0.262486	0.000000	0.275811	0.276968	0.269076	0.270135	0.285980	0.263241	0.273672	0.278737	0.276283	0.272310	0.285259	0.272823	0.297233	0.278869	0.288665	0.288697	0.276720	0.281906	0.265640	0.270944	0.282031	0.279410	0.282523	0.295858	0.281456	0.268414	0.286053	0.286457	0.272475	0.272824	0.282075	0.273742	0.277836	0.276331	0.281560	0.284155	0.276154	0.289178	0.268540	0.287233	0.280263	0.289843	0.270483	0.286337	0.281488	0.290773	0.280978	0.277594	0.281266	0.290350	0.297345	0.299079	0.282668	0.296953	0.304234	0.289488	0.277728	0.281799	
0.313301	0.312090	0.282450	0.277851	0.296858	0.309138	0.284221	0.271589	0.280017	0.278759	0.302397	0.280581	0.269641	0.300940	0.313451	0.284879	0.283394	0.278764	0.274972	0.275811	0.000000	0.275899	0.275527	0.280276	0.279991	0.287006	0.282315	0.279436	0.276215	0.276303	0.275636	0.279000	0.303444	0.282250	0.278905	0.286639	0.281506	0.284488	0.275464	0.276409	0.282662	0.288677	0.283443	0.298681	0.283575	0.284247	0.282414	0.279731	0.278267	0.279019	0.278657	0.283478	0.279221	0.280600	0.275908	0.285635	0.281936	0.286485	0.284422	0.290044	0.283840	0.285599	0.287420	0.298012	0.292541	0.282015	0.285450	0.275955	0.285990	0.287649	0.303688	0.306757	0.283696	0.298998	0.300024	0.288830	0.285142	0.280636	
0.308735	0.313921	0.278669	0.279475	0.307477	0.310396	0.276278	0.269103	0.269789	0.272989	0.294399	0.269572	0.269284	0.310707	0.302286	0.274559	0.279731	0.265126	0.270395	0.276968	0.275899	0.000000	0.265794	0.270903	0.273745	0.268720	0.272298	0.271555	0.268545	0.276186	0.271273	0.265691	0.299871	0.276351	0.278481	0.282920	0.277796	0.274172	0.269920	0.260399	0.275221	0.284377	0.281754	0.299697	0.282518	0.272863	0.280534	0.272177	0.266397	0.275400	0.276575	0.276134	0.276402	0.269188	0.277571	0.276076	0.275018	0.278831	0.272717	0.275777	0.279176	0.278371	0.270431	0.289910	0.274882	0.276906	0.277161	0.273376	0.277036	0.284897	0.299883	0.301677	0.271902	0.305220	0.304972	0.280063	0.280137	0.275726	
0.311053	0.317913	0.270774	0.277036	0.292510	0.301545	0.270446	0.285053	0.272147	0.267620	0.288910	0.274942	0.273598	0.295683	0.304558	0.264298	0.275362	0.275945	0.271884	0.269076	0.275527	0.265794	0.000000	0.268501	0.273397	0.267020	0.254313	0.277448	0.278371	0.273508	0.272607	0.275214	0.294774	0.285824	0.283112	0.283100	0.276436	0.270889	0.259216	0.259945	0.280842	0.279201	0.281472	0.292702	0.268424	0.277159	0.276728	0.268994	0.270591	0.264751	0.269205	0.279530	0.285891	0.276620	0.277922	0.278393	0.269698	0.283746	0.263633	0.283289	0.277733	0.276894	0.265379	0.279868	0.282941	0.288158	0.272949	0.274247	0.277158	0.270928	0.301996	0.298556	0.277237	0.297415	0.308278	0.286449	0.276782	0.276987	
0.308178	0.321433	0.277545	0.284771	0.302609	0.305284	0.289594	0.288771	0.277839	0.276559	0.290051	0.271879	0.274030	0.310550	0.311528	0.258354	0.278846	0.281931	0.270820	0.270135	0.280276	0.270903	0.268501	0.000000	0.285855	0.265365	0.263433	0.283779	0.279259	0.283780	0.281485	0.261228	0.305999	0.281289	0.285416	0.285007	0.283416	0.278307	0.272696	0.262090	0.283239	0.291111	0.288373	0.303242	0.279339	0.270876	0.279544	0.289486	0.272425	0.272739	0.278682	0.294235	0.287033	0.273298	0.283946	0.285751	0.262904	0.289591	0.260093	0.286667	0.276687	0.278728	0.259387	0.288307	0.274849	0.279267	0.288068	0.282285	0.282337	0.296973	0.306836	0.311035	0.281388	0.309161	0.306971	0.303614	0.289997	0.276870	
0.319843	0.319435	0.285427	0.287724	0.307549	0.310983	0.284668	0.286855	0.281877	0.286002	0.303316	0.284316	0.277341	0.310224	0.304477	0.291986	0.279839	0.284532	0.277893	0.285980	0.279991	0.273745	0.273397	0.285855	0.000000	0.281714	0.282849	0.281196	0.277583	0.288955	0.286290	0.288064	0.303221	0.292149	0.287046	0.289770	0.281107	0.283404	0.285479	0.279744	0.285518	0.292108	0.280777	0.303343	0.290549	0.287391	0.284543	0.286286	0.284351	0.279174	0.277158	0.291794	0.283981	0.280145	0.285995	0.289665	0.290021	0.282442	0.281243	0.283029	0.289761	0.287609	0.280839	0.300022	0.289675	0.291183	0.287502	0.280806	0.286966	0.296305	0.307563	0.305304	0.281318	0.304296	0.313728	0.290380	0.278888	0.285022	
0.312625	0.315333	0.277859	0.281054	0.300524	0.312890	0.281360	0.276461	0.283866	0.276959	0.294613	0.273795	0.271983	0.305620	0.309629	0.270815	0.281086	0.289804	0.269675	0.263241	0.287006	0.268720	0.267020	0.265365	0.281714	0.000000	0.271707	0.275661	0.284687	0.284776	0.279620	0.272564	0.308371	0.283973	0.287088	0.284526	0.286169	0.282540	0.268487	0.267255	0.293196	0.284166	0.286214	0.299356	0.286381	0.273942	0.280077	0.283517	0.277629	0.271017	0.282402	0.288456	0.284948	0.274198	0.281223	0.282614	0.265643	0.276064	0.262611	0.286237	0.277590	0.293249	0.260013	0.285162	0.287550	0.289333	0.277023	0.278575	0.288312	0.299634	0.310955	0.313552	0.277829	0.309441	0.309328	0.289044	0.282254	0.282165	
0.306878	0.310651	0.271899	0.285798	0.300645	0.301177	0.276233	0.273548	0.277682	0.266962	0.298972	0.265274	0.268967	0.308910	0.298535	0.266735	0.275768	0.274574	0.270053	0.273672	0.282315	0.272298	0.254313	0.263433	0.282849	0.271707	0.000000	0.274236	0.274878	0.278061	0.273992	0.274815	0.301080	0.283913	0.278953	0.278703	0.271866	0.272076	0.264368	0.268124	0.277127	0.272504	0.274578	0.297940	0.270802	0.279098	0.272449	0.268499	0.275685	0.273678	0.270917	0.271286	0.281731	0.273566	0.271462	0.279364	0.275405	0.278779	0.270206	0.279420	0.278792	0.270199	0.266447	0.294316	0.281549	0.280902	0.269043	0.273273	0.280592	0.292813	0.297456	0.289281	0.271923	0.293769	0.300456	0.295712	0.264734	0.277056	
0.304406	0.304229	0.280866	0.271329	0.291156	0.299794	0.284588	0.281527	0.271863	0.267055	0.293916	0.282605	0.279788	0.300639	0.300811	0.289144	0.281982	0.281196	0.272444	0.278737	0.279436	0.271555	0.277448	0.283779	0.281196	0.275661	0.274236	0.000000	0.272157	0.271552	0.277334	0.281082	0.292304	0.276302	0.280479	0.277123	0.280082	0.276194	0.282791	0.273383	0.281196	0.282015	0.274588	0.298550	0.275951	0.276952	0.279445	0.276573	0.282203	0.272282	0.272198	0.283211	0.279218	0.280193	0.278097	0.273988	0.284428	0.275286	0.286329	0.281935	0.283738	0.281460	0.277277	0.299021	0.290415	0.281009	0.273545	0.278689	0.280395	0.289062	0.297084	0.298943	0.271293	0.290766	0.293833	0.276957	0.269999	0.275514	
0.316685	0.315852	0.274558	0.279568	0.304400	0.301993	0.283542	0.272098	0.278859	0.275638	0.300454	0.277086	0.274072	0.303179	0.298978	0.280285	0.281529	0.276657	0.271711	0.276283	0.276215	0.268545	0.278371	0.279259	0.277583	0.284687	0.274878	0.272157	0.000000	0.279678	0.276863	0.278313	0.300075	0.283344	0.284215	0.280890	0.280827	0.276116	0.283902	0.274845	0.283459	0.284948	0.287159	0.299817	0.279584	0.280692	0.287038	0.282469	0.276144	0.279301	0.286823	0.283465	0.282715	0.282636	0.275655	0.281715	0.286805	0.282998	0.282069	0.280162	0.281090	0.282183	0.285443	0.300516	0.289441	0.287219	0.282325	0.278255	0.277232	0.293409	0.292342	0.310678	0.276613	0.304441	0.305714	0.283628	0.285126	0.279293	
0.310387	0.314797	0.282317	0.280933	0.289550	0.298412	0.275112	0.278310	0.278539	0.275589	0.299818	0.273558	0.276568	0.302099	0.300485	0.278697	0.287419	0.275496	0.274711	0.272310	0.276303	0.276186	0.273508	0.283780	0.288955	0.284776	0.278061	0.271552	0.279678	0.000000	0.277942	0.286719	0.297256	0.277909	0.282360	0.278001	0.280332	0.275221	0.276219	0.276204	0.279774	0.278655	0.267684	0.295268	0.273940	0.279656	0.284999	0.275777	0.281147	0.279538	0.266982	0.270794	0.276068	0.279687	0.273936	0.281220	0.284316	0.281345	0.280603	0.282112	0.279313	0.278979	0.279462	0.296139	0.292952	0.280106	0.276089	0.277083	0.274639	0.277327	0.292552	0.298950	0.273647	0.287828	0.297934	0.278129	0.273546	0.286963	
0.317049	0.316805	0.280863	0.282850	0.288883	0.304075	0.279796	0.285441	0.280484	0.276799	0.305430	0.284774	0.275444	0.301161	0.301584	0.287200	0.279563	0.272342	0.278715	0.285259	0.275636	0.271273	0.272607	0.281485	0.286290	0.279620	0.273992	0.277334	0.276863	0.277942	0.000000	0.282723	0.297217	0.289175	0.282011	0.283129	0.285501	0.280450	0.278491	0.276749	0.279294	0.289598	0.285954	0.298121	0.277653	0.282326	0.280276	0.276709	0.277419	0.277944	0.273248	0.282029	0.281209	0.284436	0.277300	0.276128	0.283342	0.270859	0.291638	0.277465	0.286815	0.275240	0.282064	0.296761	0.291452	0.289060	0.280254	0.284306	0.285473	0.284706	0.294269	0.303257	0.280796	0.297993	0.302612	0.288648	0.278619	0.281019	
0.312154	0.313741	0.286336	0.281031	0.313331	0.305720	0.283058	0.284610	0.284062	0.271700	0.300966	0.278465	0.277549	0.308793	0.306940	0.273037	0.285256	0.276631	0.274019	0.272823	0.279000	0.265691	0.275214	0.261228	0.288064	0.272564	0.274815	0.281082	0.278313	0.286719	0.282723	0.000000	0.293951	0.285072	0.284505	0.278114	0.293141	0.278278	0.262099	0.269428	0.287745	0.285659	0.280747	0.295694	0.282669	0.270833	0.276708	0.273204	0.274603	0.273828	0.275392	0.284805	0.285921	0.271286	0.279516	0.286821	0.264422	0.284076	0.265279	0.281639	0.277241	0.291701	0.265627	0.287533	0.278820	0.288343	0.288740	0.286556	0.281757	0.291213	0.305211	0.313154	0.283563	0.304155	0.312014	0.285557	0.281310	0.286381	
0.292062	0.291464	0.298947	0.304634	0.265298	0.273494	0.295348	0.298973	0.296288	0.294746	0.275190	0.303392	0.294331	0.260098	0.272882	0.304373	0.298690	0.302016	0.294571	0.297233	0.303444	0.299871	0.294774	0.305999	0.303221	0.308371	0.301080	0.292304	0.300075	0.297256	0.297217	0.293951	0.000000	0.300299	0.303894	0.302288	0.298523	0.298285	0.301990	0.291055	0.296639	0.304871	0.305014	0.262074	0.300722	0.297766	0.293508	0.302701	0.300810	0.294162	0.295593	0.298397	0.298875	0.307736	0.299880	0.303617	0.296301	0.304836	0.307586	0.299947	0.310391	0.297726	0.302326	0.260083	0.261717	0.301494	0.294553	0.303143	0.304412	0.307710	0.274945	0.273154	0.294780	0.264031	0.269867	0.308272	0.301752	0.309184	
0.314351	0.310989	0.283778	0.287428	0.301052	0.309536	0.281336	0.286978	0.285957	0.279681	0.297867	0.280286	0.282310	0.305164	0.309052	0.290965	0.282255	0.277034	0.280509	0.278869	0.282250	0.276351	0.285824	0.281289	0.292149	0.283973	0.283913	0.276302	0.283344	0.277909	0.289175	0.285072	0.300299	0.000000	0.283079	0.281120	0.282305	0.287386	0.286349	0.278910	0.288225	0.290585	0.279456	0.299882	0.288668	0.293054	0.284320	0.285141	0.281665	0.286265	0.275074	0.284558	0.286190	0.286573	0.275851	0.284770	0.287506	0.279114	0.289540	0.285729	0.289350	0.284357	0.290583	0.303972	0.298966	0.287173	0.289201	0.278267	0.291117	0.293997	0.305243	0.302514	0.285960	0.294320	0.305788	0.293558	0.282390	0.294124	
0.315115	0.313622	0.289107	0.285450	0.299841	0.306155	0.281975	0.280799	0.279572	0.280127	0.307809	0.283647	0.286411	0.301859	0.307439	0.287358	0.284686	0.286682	0.283477	0.288665	0.278905	0.278481	0.283112	0.285416	0.287046	0.287088	0.278953	0.280479	0.284215	0.282360	0.282011	0.284505	0.303894	0.283079	0.000000	0.291919	0.282482	0.282174	0.285950	0.281404	0.284614	0.287087	0.275036	0.300472	0.290811	0.295564	0.282408	0.287028	0.285986	0.283609	0.284504	0.284263	0.282121	0.286451	0.281366	0.279565	0.289028	0.286116	0.287409	0.288821	0.293476	0.288172	0.281404	0.303993	0.294019	0.280134	0.286191	0.283554	0.283277	0.287786	0.299716	0.306700	0.282907	0.297292	0.303834	0.285557	0.284867	0.285879	
0.310405	0.317205	0.284655	0.287369	0.289842	0.302956	0.281014	0.283764	0.281247	0.279268	0.299277	0.281897	0.281926	0.304654	0.300320	0.292592	0.282782	0.278256	0.277333	0.288697	0.286639	0.282920	0.283100	0.285007	0.289770	0.284526	0.278703	0.277123	0.280890	0.278001	0.283129	0.278114	0.302288	0.281120	0.291919	0.000000	0.289387	0.275627	0.275913	0.280722	0.281366	0.287707	0.276300	0.300678	0.281575	0.280738	0.282512	0.283784	0.283711	0.281837	0.278375	0.284959	0.286429	0.285055	0.280271	0.285872	0.288041	0.286320	0.288940	0.287846	0.287948	0.286875	0.287527	0.293860	0.289189	0.285621	0.289698	0.279532	0.287783	0.280027	0.299728	0.292504	0.279675	0.293092	0.298197	0.285651	0.285856	0.289285	
0.316743	0.321282	0.280852	0.278130	0.303034	0.302264	0.284086	0.283945	0.281210	0.283005	0.306122	0.288868	0.274531	0.301228	0.305330	0.294524	0.286565	0.280621	0.277405	0.276720	0.281506	0.277796	0.276436	0.283416	0.281107	0.286169	0.271866	0.280082	0.280827	0.280332	0.285501	0.293141	0.298523	0.282305	0.282482	0.289387	0.000000	0.282648	0.267283	0.274603	0.280229	0.277992	0.278558	0.298214	0.284410	0.287811	0.284951	0.277078	0.279485	0.285269	0.273811	0.286681	0.279575	0.281250	0.276110	0.285320	0.290530	0.278224	0.282195	0.280444	0.286848	0.284699	0.281222	0.304279	0.292666	0.290302	0.279350	0.282993	0.283175	0.284088	0.299079	0.300968	0.272143	0.298074	0.300769	0.285461	0.281432	0.283349	
0.313286	0.311913	0.283415	0.286808	0.293897	0.298401	0.276693	0.281582	0.281257	0.274341	0.297006	0.283831	0.263810	0.305326	0.305596	0.277778	0.288481	0.286064	0.270745	0.281906	0.284488	0.274172	0.270889	0.278307	0.283404	0.282540	0.272076	0.276194	0.276116	0.275221	0.280450	0.278278	0.298285	0.287386	0.282174	0.275627	0.282648	0.000000	0.272152	0.271268	0.277938	0.284753	0.274535	0.306056	0.276298	0.279059	0.271196	0.280624	0.272687	0.273739	0.274186	0.274505	0.278156	0.276061	0.272966	0.276270	0.278440	0.273436	0.271519	0.280326	0.276826	0.278187	0.275880	0.287479	0.281261	0.283942	0.278202	0.283294	0.287170	0.283676	0.293635	0.306480	0.271124	0.298895	0.304106	0.277125	0.285421	0.273847	
0.308498	0.308066	0.282737	0.275716	0.294540	0.310465	0.281523	0.278997	0.280945	0.275431	0.293290	0.265606	0.275041	0.310562	0.311800	0.277647	0.286020	0.283295	0.266387	0.265640	0.275464	0.269920	0.259216	0.272696	0.285479	0.268487	0.264368	0.282791	0.283902	0.276219	0.278491	0.262099	0.301990	0.286349	0.285950	0.275913	0.267283	0.272152	0.000000	0.271053	0.280958	0.276086	0.279256	0.299398	0.277016	0.275536	0.260488	0.275777	0.273520	0.271287	0.279789	0.281366	0.287999	0.280908	0.274473	0.282315	0.269874	0.280756	0.266196	0.278786	0.281276	0.279697	0.263400	0.288452	0.279207	0.281716	0.284406	0.285479	0.275241	0.287512	0.300720	0.300303	0.275599	0.300651	0.305591	0.280811	0.279819	0.276986	
0.310555	0.309020	0.281169	0.278734	0.292362	0.302853	0.277266	0.277220	0.281864	0.274208	0.288706	0.276178	0.268131	0.299277	0.301194	0.268384	0.282264	0.282135	0.268225	0.270944	0.276409	0.260399	0.259945	0.262090	0.279744	0.267255	0.268124	0.273383	0.274845	0.276204	0.276749	0.269428	0.291055	0.278910	0.281404	0.280722	0.274603	0.271268	0.271053	0.000000	0.280547	0.284823	0.277414	0.292825	0.278351	0.262231	0.282030	0.273324	0.268416	0.272060	0.271633	0.281457	0.278017	0.276481	0.276677	0.282759	0.265975	0.286433	0.266073	0.279640	0.272122	0.281478	0.267463	0.278267	0.273139	0.281412	0.274482	0.279542	0.274536	0.286931	0.299600	0.291405	0.274254	0.297725	0.296315	0.291766	0.284891	0.273476	
0.315664	0.313574	0.287944	0.285637	0.292230	0.298441	0.285291	0.285517	0.282703	0.276931	0.307862	0.278624	0.270831	0.308207	0.306754	0.283590	0.290367	0.282271	0.278981	0.282031	0.282662	0.275221	0.280842	0.283239	0.285518	0.293196	0.277127	0.281196	0.283459	0.279774	0.279294	0.287745	0.296639	0.288225	0.284614	0.281366	0.280229	0.277938	0.280958	0.280547	0.000000	0.284189	0.276610	0.300011	0.270584	0.286894	0.282837	0.281054	0.284824	0.274589	0.275201	0.286816	0.281020	0.279721	0.276928	0.280320	0.290829	0.283970	0.291719	0.288166	0.285937	0.275148	0.290831	0.305134	0.291163	0.288634	0.290559	0.278553	0.276330	0.289367	0.293890	0.312471	0.275591	0.300118	0.300197	0.282762	0.278013	0.285270	
0.317623	0.320531	0.287147	0.282020	0.305266	0.306791	0.285454	0.285224	0.284857	0.282683	0.310458	0.283172	0.279953	0.309826	0.305761	0.292983	0.291306	0.280912	0.272355	0.279410	0.288677	0.284377	0.279201	0.291111	0.292108	0.284166	0.272504	0.282015	0.284948	0.278655	0.289598	0.285659	0.304871	0.290585	0.287087	0.287707	0.277992	0.284753	0.276086	0.284823	0.284189	0.000000	0.279991	0.303194	0.285370	0.287374	0.286557	0.289693	0.291355	0.283233	0.279833	0.286243	0.280613	0.285996	0.285620	0.282296	0.287509	0.283031	0.279492	0.284687	0.296050	0.282331	0.290417	0.303277	0.298094	0.288514	0.284299	0.286586	0.282808	0.273682	0.299583	0.306222	0.286470	0.304569	0.303845	0.283061	0.288456	0.278878	
0.307107	0.310906	0.286305	0.284517	0.293412	0.299538	0.274708	0.281324	0.280422	0.284688	0.307901	0.280290	0.276718	0.302860	0.296921	0.280685	0.287942	0.276500	0.279105	0.282523	0.283443	0.281754	0.281472	0.288373	0.280777	0.286214	0.274578	0.274588	0.287159	0.267684	0.285954	0.280747	0.305014	0.279456	0.275036	0.276300	0.278558	0.274535	0.279256	0.277414	0.276610	0.279991	0.000000	0.294604	0.270565	0.284861	0.276919	0.271699	0.278145	0.280489	0.267602	0.279028	0.267505	0.277729	0.280974	0.277810	0.283496	0.275390	0.285472	0.277528	0.279551	0.275143	0.285638	0.300664	0.299083	0.277911	0.282011	0.281211	0.281382	0.286543	0.292781	0.310400	0.273215	0.298766	0.297317	0.280914	0.274942	0.282407	
0.291107	0.287923	0.301659	0.304285	0.263906	0.272482	0.304619	0.305562	0.301804	0.297998	0.268991	0.298896	0.295866	0.269173	0.274067	0.301844	0.300333	0.302301	0.295331	0.295858	0.298681	0.299697	0.292702	0.303242	0.303343	0.299356	0.297940	0.298550	0.299817	0.295268	0.298121	0.295694	0.262074	0.299882	0.300472	0.300678	0.298214	0.306056	0.299398	0.292825	0.300011	0.303194	0.294604	0.000000	0.298339	0.299674	0.292101	0.302322	0.300913	0.299003	0.293372	0.293899	0.293234	0.300963	0.301698	0.305015	0.309859	0.294481	0.305244	0.300247	0.303475	0.297818	0.302805	0.261514	0.260002	0.303207	0.299662	0.297431	0.301389	0.299931	0.268655	0.271043	0.296832	0.266189	0.268033	0.300871	0.299857	0.303870	
0.309184	0.313099	0.277751	0.279100	0.289021	0.303749	0.286377	0.282310	0.278107	0.279096	0.305712	0.269878	0.272393	0.299486	0.299792	0.286258	0.282769	0.284140	0.275140	0.281456	0.283575	0.282518	0.268424	0.279339	0.290549	0.286381	0.270802	0.275951	0.279584	0.273940	0.277653	0.282669	0.300722	0.288668	0.290811	0.281575	0.284410	0.276298	0.277016	0.278351	0.270584	0.285370	0.270565	0.298339	0.000000	0.275044	0.282489	0.283221	0.279144	0.285714	0.272015	0.275108	0.268882	0.278115	0.286387	0.280815	0.286850	0.271321	0.279461	0.275244	0.294985	0.271950	0.283725	0.294389	0.293636	0.277295	0.273614	0.285874	0.280089	0.279097	0.300794	0.301358	0.266843	0.303376	0.300907	0.266070	0.279458	0.286379	
0.317494	0.321596	0.282631	0.282737	0.300538	0.306494	0.286932	0.277195	0.283278	0.269545	0.292043	0.282000	0.272183	0.303850	0.311016	0.273030	0.285205	0.279062	0.261325	0.268414	0.284247	0.272863	0.277159	0.270876	0.287391	0.273942	0.279098	0.276952	0.280692	0.279656	0.282326	0.270833	0.297766	0.293054	0.295564	0.280738	0.287811	0.279059	0.275536	0.262231	0.286894	0.287374	0.284861	0.299674	0.275044	0.000000	0.282636	0.278191	0.275997	0.267337	0.282323	0.283422	0.285659	0.272781	0.282172	0.285953	0.269280	0.274419	0.271262	0.282025	0.276843	0.276085	0.265892	0.285153	0.275698	0.288740	0.280787	0.279241	0.283459	0.288774	0.302217	0.303448	0.277930	0.299604	0.310502	0.282176	0.280993	0.275043	
0.313605	0.308191	0.283991	0.276675	0.296808	0.300626	0.280313	0.278778	0.285379	0.279979	0.302815	0.275686	0.284001	0.309844	0.305211	0.285813	0.288204	0.287259	0.277875	0.286053	0.282414	0.280534	0.276728	0.279544	0.284543	0.280077	0.272449	0.279445	0.287038	0.284999	0.280276	0.276708	0.293508	0.284320	0.282408	0.282512	0.284951	0.271196	0.260488	0.282030	0.282837	0.286557	0.276919	0.292101	0.282489	0.282636	0.000000	0.274622	0.272739	0.284045	0.276801	0.283933	0.282084	0.277568	0.282748	0.274933	0.280012	0.275641	0.276316	0.280313	0.286455	0.273806	0.281002	0.295208	0.297599	0.287492	0.283770	0.284058	0.286898	0.285303	0.296194	0.296172	0.265987	0.297884	0.306927	0.287419	0.279273	0.277669	
0.314513	0.314460	0.287007	0.282980	0.294230	0.305076	0.283311	0.286441	0.283516	0.276789	0.306955	0.276693	0.273031	0.295207	0.308002	0.278049	0.282527	0.279107	0.275316	0.286457	0.279731	0.272177	0.268994	0.289486	0.286286	0.283517	0.268499	0.276573	0.282469	0.275777	0.276709	0.273204	0.302701	0.285141	0.287028	0.283784	0.277078	0.280624	0.275777	0.273324	0.281054	0.289693	0.271699	0.302322	0.283221	0.278191	0.274622	0.000000	0.282182	0.271159	0.272569	0.285224	0.274639	0.270117	0.273350	0.279934	0.282557	0.277788	0.282805	0.280911	0.289459	0.273588	0.284255	0.290304	0.291667	0.284312	0.276162	0.275784	0.282487	0.278915	0.291243	0.302114	0.275493	0.300971	0.299634	0.280288	0.281099	0.280444	
0.306395	0.314729	0.274937	0.282263	0.295711	0.297556	0.272910	0.276650	0.276363	0.270144	0.297053	0.281714	0.268075	0.302340	0.303059	0.275290	0.276530	0.275548	0.277097	0.272475	0.278267	0.266397	0.270591	0.272425	0.284351	0.277629	0.275685	0.282203	0.276144	0.281147	0.277419	0.274603	0.300810	0.281665	0.285986	0.283711	0.279485	0.272687	0.273520	0.268416	0.284824	0.291355	0.278145	0.300913	0.279144	0.275997	0.272739	0.282182	0.000000	0.275147	0.271176	0.279295	0.273732	0.275540	0.277089	0.282496	0.271432	0.276803	0.277284	0.277371	0.275486	0.273225	0.272899	0.292193	0.287955	0.276580	0.271302	0.273132	0.276033	0.283507	0.306281	0.306040	0.269134	0.296944	0.297031	0.282176	0.284015	0.275775	
0.315085	0.309513	0.279987	0.283767	0.295903	0.298615	0.276106	0.272016	0.279092	0.272864	0.293140	0.286772	0.270644	0.297756	0.301340	0.273315	0.277112	0.273077	0.273741	0.272824	0.279019	0.275400	0.264751	0.272739	0.279174	0.271017	0.273678	0.272282	0.279301	0.279538	0.277944	0.273828	0.294162	0.286265	0.283609	0.281837	0.285269	0.273739	0.271287	0.272060	0.274589	0.283233	0.280489	0.299003	0.285714	0.267337	0.284045	0.271159	0.275147	0.000000	0.276076	0.280005	0.276657	0.280546	0.262990	0.281292	0.277579	0.269554	0.269385	0.277843	0.278027	0.278124	0.270366	0.283770	0.284457	0.278945	0.278500	0.276013	0.274091	0.288838	0.299791	0.300865	0.273693	0.300271	0.301840	0.274215	0.276775	0.282081	
0.306276	0.308662	0.280830	0.283362	0.292504	0.298808	0.277618	0.280072	0.272447	0.268855	0.299767	0.285714	0.275715	0.303166	0.302924	0.284374	0.280225	0.271406	0.272229	0.282075	0.278657	0.276575	0.269205	0.278682	0.277158	0.282402	0.270917	0.272198	0.286823	0.266982	0.273248	0.275392	0.295593	0.275074	0.284504	0.278375	0.273811	0.274186	0.279789	0.271633	0.275201	0.279833	0.267602	0.293372	0.272015	0.282323	0.276801	0.272569	0.271176	0.276076	0.000000	0.275181	0.275116	0.270644	0.278365	0.271707	0.273198	0.267734	0.281286	0.271509	0.279514	0.276197	0.282515	0.292885	0.285618	0.274965	0.273989	0.274570	0.274282	0.287858	0.295061	0.303215	0.270348	0.296260	0.302218	0.273329	0.271287	0.277483	
0.311321	0.316617	0.287235	0.285822	0.288998	0.304551	0.282401	0.285592	0.277505	0.280693	0.292993	0.287392	0.279853	0.298101	0.297898	0.290673	0.284031	0.283470	0.278353	0.273742	0.283478	0.276134	0.279530	0.294235	0.291794	0.288456	0.271286	0.283211	0.283465	0.270794	0.282029	0.284805	0.298397	0.284558	0.284263	0.284959	0.286681	0.274505	0.281366	0.281457	0.286816	0.286243	0.279028	0.293899	0.275108	0.283422	0.283933	0.285224	0.279295	0.280005	0.275181	0.000000	0.275844	0.282344	0.279434	0.281501	0.287098	0.268313	0.279423	0.279681	0.282572	0.284510	0.280035	0.297139	0.289738	0.279110	0.284603	0.283560	0.292466	0.272050	0.286127	0.293246	0.280643	0.289903	0.307753	0.279502	0.280929	0.282736	
0.311714	0.314779	0.281595	0.275641	0.294084	0.303197	0.287655	0.283329	0.280176	0.282396	0.308135	0.288160	0.282189	0.299845	0.302553	0.292941	0.284560	0.282252	0.280083	0.277836	0.279221	0.276402	0.285891	0.287033	0.283981	0.284948	0.281731	0.279218	0.282715	0.276068	0.281209	0.285921	0.298875	0.286190	0.282121	0.286429	0.279575	0.278156	0.287999	0.278017	0.281020	0.280613	0.267505	0.293234	0.268882	0.285659	0.282084	0.274639	0.273732	0.276657	0.275116	0.275844	0.000000	0.280115	0.280501	0.280640	0.285873	0.273754	0.288501	0.274774	0.282186	0.272191	0.287358	0.303107	0.288391	0.282172	0.277130	0.283488	0.291430	0.278390	0.297612	0.296302	0.276743	0.299038	0.293186	0.272045	0.275306	0.279995	
0.318807	0.322626	0.283145	0.283255	0.302480	0.313596	0.279434	0.276423	0.281661	0.275848	0.296801	0.280622	0.271582	0.305361	0.306592	0.276923	0.283455	0.278057	0.271319	0.276331	0.280600	0.269188	0.276620	0.273298	0.280145	0.274198	0.273566	0.280193	0.282636	0.279687	0.284436	0.271286	0.307736	0.286573	0.286451	0.285055	0.281250	0.276061	0.280908	0.276481	0.279721	0.285996	0.277729	0.300963	0.278115	0.272781	0.277568	0.270117	0.275540	0.280546	0.270644	0.282344	0.280115	0.000000	0.283245	0.278878	0.274753	0.276575	0.275096	0.283515	0.275644	0.276304	0.268769	0.292269	0.279070	0.277660	0.271247	0.275370	0.277246	0.276010	0.293938	0.301099	0.268278	0.301370	0.303716	0.288462	0.285690	0.280036	
0.308636	0.315516	0.280995	0.276736	0.294022	0.304315	0.274394	0.279039	0.280105	0.283846	0.301086	0.286978	0.272122	0.302417	0.304595	0.281879	0.276508	0.278358	0.278277	0.281560	0.275908	0.277571	0.277922	0.283946	0.285995	0.281223	0.271462	0.278097	0.275655	0.273936	0.277300	0.279516	0.299880	0.275851	0.281366	0.280271	0.276110	0.272966	0.274473	0.276677	0.276928	0.285620	0.280974	0.301698	0.286387	0.282172	0.282748	0.273350	0.277089	0.262990	0.278365	0.279434	0.280501	0.283245	0.000000	0.277433	0.281042	0.274892	0.285681	0.273935	0.284503	0.282195	0.286509	0.297484	0.292506	0.277802	0.278015	0.275716	0.285807	0.282730	0.297745	0.301195	0.279152	0.297708	0.297708	0.281826	0.282577	0.287645	
0.313714	0.314263	0.286341	0.282987	0.295176	0.300088	0.277472	0.287603	0.280696	0.280128	0.309599	0.283688	0.281395	0.308151	0.306174	0.291084	0.288759	0.282946	0.277203	0.284155	0.285635	0.276076	0.278393	0.285751	0.289665	0.282614	0.279364	0.273988	0.281715	0.281220	0.276128	0.286821	0.303617	0.284770	0.279565	0.285872	0.285320	0.276270	0.282315	0.282759	0.280320	0.282296	0.277810	0.305015	0.280815	0.285953	0.274933	0.279934	0.282496	0.281292	0.271707	0.281501	0.280640	0.278878	0.277433	0.000000	0.278111	0.282932	0.285460	0.276811	0.290856	0.291303	0.285282	0.303619	0.293184	0.278184	0.285616	0.284395	0.280350	0.276166	0.303087	0.304139	0.276885	0.301568	0.304001	0.274989	0.276738	0.281257	
